1,1,122.11,332.29,133.05,63.15999999999997,1,1,1.0
1,2,209.68,250.6,93.48000000000002,41.27000000000001,1,1,1.0
1,3,733.47,267.45,71.52999999999997,40.420000000000016,1,1,1.0
2,1,96.63,336.1,137.26,63.76999999999998,1,1,1.0
2,2,209.68,250.6,93.48000000000002,41.29999999999998,1,1,1.0
2,3,719.63,268.86,72.75,40.69999999999999,1,1,1.0
3,1,71.16,339.9,141.47,64.39000000000004,1,1,1.0
3,2,209.68,250.6,93.48000000000002,41.33000000000001,1,1,1.0
3,3,705.79,270.28,73.96000000000004,40.960000000000036,1,1,1.0
4,1,45.68,343.7,145.68,65.02000000000004,1,1,1.0
4,2,209.68,250.6,93.48000000000002,41.349999999999994,1,1,1.0
4,3,691.94,271.69,75.17999999999995,41.24000000000001,1,1,1.0
5,1,20.21,347.5,149.89,65.63999999999999,1,1,1.0
5,2,209.68,250.6,93.48000000000002,41.380000000000024,1,1,1.0
5,3,678.1,273.1,76.39999999999998,41.50999999999999,1,1,1.0
6,1,0.0,351.22,147.38,65.27999999999997,1,1,1.0
6,2,209.68,250.6,93.48000000000002,41.400000000000006,1,1,1.0
6,3,664.0,275.02,77.64999999999998,41.879999999999995,1,1,1.0
7,1,0.0,354.95,124.65,64.92000000000002,1,1,1.0
7,2,209.68,250.6,93.48000000000002,41.42999999999998,1,1,1.0
7,3,649.9,276.95,78.89999999999998,42.24000000000001,1,1,1.0
8,1,0.0,358.67,101.93,64.57,1,1,1.0
8,2,209.68,250.6,93.48000000000002,41.46000000000001,1,1,1.0
8,3,635.8,278.87,80.15000000000009,42.60000000000002,1,1,1.0
9,1,0.0,362.4,79.2,64.21000000000004,1,1,1.0
9,2,209.68,250.6,93.48000000000002,41.47999999999999,1,1,1.0
9,3,621.7,280.8,81.39999999999998,42.95999999999998,1,1,1.0
10,1,0.0,367.05,53.1,61.25999999999999,1,1,1.0
10,2,209.68,250.6,93.48000000000002,41.51000000000002,1,1,1.0
10,3,605.7,282.9,83.09999999999991,43.81,1,1,1.0
11,1,0.0,371.7,27.0,58.30000000000001,1,1,1.0
11,2,209.68,250.6,93.48000000000002,41.53999999999999,1,1,1.0
11,3,589.7,285.0,84.79999999999995,44.64999999999998,1,1,1.0
12,2,209.68,250.6,93.48000000000002,41.56000000000003,1,1,1.0
12,3,575.4,285.0,84.80000000000007,44.64999999999998,1,1,1.0
13,2,209.68,250.6,93.48000000000002,41.59,1,1,1.0
13,3,558.98,287.7,86.79999999999995,45.31999999999999,1,1,1.0
14,2,209.68,250.6,93.48000000000002,41.609999999999985,1,1,1.0
14,3,542.55,290.4,88.80000000000007,45.99000000000001,1,1,1.0
15,2,209.68,250.6,93.48000000000002,41.640000000000015,1,1,1.0
15,3,526.13,293.1,90.79999999999995,46.65999999999997,1,1,1.0
16,2,209.68,250.6,93.48000000000002,41.66999999999999,1,1,1.0
16,3,509.7,295.8,92.80000000000001,47.329999999999984,1,1,1.0
17,2,209.68,250.6,93.48000000000002,41.690000000000026,1,1,1.0
17,3,492.52,297.82,94.13999999999999,48.5,1,1,1.0
18,2,209.68,250.6,93.48000000000002,41.72,1,1,1.0
18,3,475.34,299.84,95.48000000000008,49.68000000000001,1,1,1.0
19,2,209.68,250.6,93.48000000000002,41.75000000000003,1,1,1.0
19,3,458.16,301.86,96.82,50.849999999999966,1,1,1.0
20,2,209.68,250.6,93.48000000000002,41.77000000000001,1,1,1.0
20,3,440.98,303.88,98.15999999999997,52.03000000000003,1,1,1.0
21,2,209.68,250.6,93.48000000000002,41.79999999999998,1,1,1.0
21,3,423.81,305.9,99.48999999999995,53.200000000000045,1,1,1.0
22,2,209.68,250.6,93.49000000000001,41.82000000000002,1,1,1.0
22,3,404.44,309.28,101.83999999999997,54.370000000000005,1,1,1.0
23,2,209.68,250.6,93.49000000000001,41.849999999999994,1,1,1.0
23,3,385.07,312.66,104.19,55.52999999999997,1,1,1.0
24,2,209.68,250.6,93.49000000000001,41.880000000000024,1,1,1.0
24,3,365.7,316.04,106.54000000000002,56.69999999999999,1,1,1.0
25,2,209.68,250.6,93.49000000000001,41.900000000000006,1,1,1.0
25,3,346.33,319.42,108.89000000000004,57.870000000000005,1,1,1.0
26,2,209.68,250.6,93.49000000000001,41.92999999999998,1,1,1.0
26,3,326.96,322.8,111.24000000000001,59.039999999999964,1,1,1.0
27,2,209.68,250.6,93.49000000000001,41.95000000000002,1,1,1.0
27,3,305.49,326.51,114.51999999999998,60.210000000000036,1,1,1.0
28,2,209.68,250.6,93.49000000000001,41.97999999999999,1,1,1.0
28,3,284.02,330.22,117.80000000000001,61.379999999999995,1,1,1.0
29,2,209.68,250.6,93.49000000000001,42.01000000000002,1,1,1.0
29,3,262.54,333.93,121.08999999999997,62.56,1,1,1.0
30,2,209.68,250.6,93.49000000000001,42.03,1,1,1.0
30,3,241.07,337.64,124.37,63.73000000000002,1,1,1.0
31,2,209.68,250.6,93.49000000000001,42.06000000000003,1,1,1.0
31,3,219.6,341.35,127.65,64.90999999999997,1,1,1.0
32,2,209.68,250.6,93.49000000000001,42.09,1,1,1.0
32,3,195.76,345.06,130.94,66.07999999999998,1,1,1.0
33,2,209.68,250.6,93.49000000000001,42.109999999999985,1,1,1.0
33,3,171.93,348.77,134.21999999999997,67.25999999999999,1,1,1.0
34,2,209.68,250.6,93.49000000000001,42.140000000000015,1,1,1.0
34,3,148.1,352.48,137.50000000000003,68.43,1,1,1.0
35,2,209.68,250.6,93.49000000000001,42.16,1,1,1.0
35,3,124.27,356.19,140.78000000000003,69.60000000000002,1,1,1.0
36,2,209.68,250.6,93.49000000000001,42.190000000000026,1,1,1.0
36,3,100.44,359.9,144.06,70.78000000000003,1,1,1.0
37,2,209.68,250.6,93.49000000000001,42.22,1,1,1.0
37,3,72.49,364.28,148.43,73.14000000000004,1,1,1.0
38,2,209.68,250.6,93.49000000000001,42.23999999999998,1,1,1.0
38,3,44.55,368.66,152.79000000000002,75.50999999999999,1,1,1.0
39,2,209.68,250.6,93.49000000000001,42.27000000000001,1,1,1.0
39,3,16.6,373.04,157.16,77.87,1,1,1.0
40,2,209.68,250.6,93.49000000000001,42.29999999999998,1,1,1.0
40,3,0.0,377.42,150.18,80.24000000000001,1,1,1.0
41,2,209.68,250.6,93.49000000000001,42.32000000000002,1,1,1.0
41,3,0.0,381.8,126.6,82.59999999999997,1,1,1.0
42,2,209.68,250.6,93.49000000000001,42.349999999999994,1,1,1.0
42,3,0.0,385.15,102.6,79.25,1,1,1.0
43,2,209.68,250.6,93.49000000000001,42.37000000000003,1,1,1.0
43,3,0.0,388.5,78.6,75.89999999999998,1,1,1.0
44,2,209.68,250.6,93.49000000000001,42.400000000000006,1,1,1.0
44,3,0.0,398.6,51.65,65.79999999999995,1,1,1.0
45,2,209.68,250.6,93.49000000000001,42.42999999999998,1,1,1.0
45,3,0.0,408.7,24.7,55.69999999999999,1,1,1.0
46,2,209.68,250.6,93.49000000000001,42.45000000000002,1,1,1.0
47,2,209.68,250.6,93.49000000000001,42.47999999999999,1,1,1.0
48,2,209.68,250.6,93.49000000000001,42.50000000000003,1,1,1.0
49,2,209.68,250.6,93.49000000000001,42.53,1,1,1.0
50,2,209.68,250.6,93.49000000000001,42.56000000000003,1,1,1.0
51,2,209.68,250.6,93.49000000000001,42.58000000000001,1,1,1.0
51,4,947.6,230.9,12.0,49.869999999999976,1,1,1.0
52,2,209.68,250.6,93.5,42.609999999999985,1,1,1.0
52,4,943.52,230.02,16.08000000000004,52.67999999999998,1,1,1.0
53,2,209.68,250.6,93.5,42.640000000000015,1,1,1.0
53,4,939.44,229.14,20.159999999999968,55.48000000000002,1,1,1.0
54,2,209.68,250.6,93.5,42.66,1,1,1.0
54,4,935.36,228.26,24.24000000000001,58.29000000000002,1,1,1.0
55,2,209.68,250.6,93.5,42.690000000000026,1,1,1.0
55,4,931.28,227.38,28.32000000000005,61.09000000000003,1,1,1.0
56,2,209.68,250.6,93.5,42.71000000000001,1,1,1.0
56,4,927.2,226.5,32.39999999999998,63.89999999999998,1,1,1.0
57,2,209.68,250.6,93.5,42.73999999999998,1,1,1.0
57,4,922.27,226.5,37.33000000000004,65.5,1,1,1.0
58,2,209.68,250.6,93.5,42.77000000000001,1,1,1.0
58,4,917.33,226.5,42.26999999999998,67.10000000000002,1,1,1.0
59,2,209.68,250.6,93.5,42.78999999999999,1,1,1.0
59,4,912.4,226.5,47.200000000000045,68.69999999999999,1,1,1.0
60,2,209.68,250.6,93.5,42.82000000000002,1,1,1.0
60,4,907.6,226.5,52.0,68.69999999999999,1,1,1.0
61,2,209.68,250.6,93.5,42.849999999999994,1,1,1.0
61,4,902.8,226.5,56.80000000000007,68.69999999999999,1,1,1.0
62,2,209.68,250.6,93.5,42.87000000000003,1,1,1.0
62,4,896.67,226.5,62.930000000000064,70.30000000000001,1,1,1.0
63,2,209.68,250.6,93.5,42.900000000000006,1,1,1.0
63,4,890.53,226.5,69.07000000000005,71.89999999999998,1,1,1.0
64,2,209.68,250.6,93.5,42.91999999999999,1,1,1.0
64,4,884.4,226.5,75.20000000000005,73.5,1,1,1.0
64,5,887.37,245.26,12.370000000000005,27.930000000000007,1,1,1.0
65,2,209.68,250.6,93.5,42.95000000000002,1,1,1.0
65,4,878.8,226.5,80.80000000000007,74.97000000000003,1,1,1.0
65,5,881.11,246.85,19.279999999999973,27.940000000000026,1,1,1.0
66,2,209.68,250.6,93.5,42.97999999999999,1,1,1.0
66,4,873.2,226.5,86.39999999999998,76.43,1,1,1.0
66,5,874.86,248.45,26.18999999999994,27.930000000000007,1,1,1.0
67,2,209.68,250.6,93.5,43.00000000000003,1,1,1.0
67,4,867.6,226.5,92.0,77.89999999999998,1,1,1.0
67,5,868.61,250.04,33.09000000000003,27.940000000000026,1,1,1.0
68,2,209.68,250.6,93.5,43.03,1,1,1.0
68,4,860.98,226.5,98.62,79.89999999999998,1,1,1.0
68,5,861.67,250.52,33.09000000000003,27.93999999999997,1,1,1.0
69,2,209.68,250.6,93.5,43.04999999999998,1,1,1.0
69,4,854.36,226.5,105.24000000000001,81.89999999999998,1,1,1.0
69,5,854.72,251.0,33.08999999999992,27.939999999999998,1,1,1.0
70,2,209.68,250.6,93.5,43.08000000000001,1,1,1.0
70,4,847.74,226.5,111.86000000000001,83.89999999999998,1,1,1.0
70,5,847.78,251.48,33.09000000000003,27.940000000000026,1,1,1.0
71,2,209.68,250.6,93.5,43.109999999999985,1,1,1.0
71,4,841.12,226.5,118.48000000000002,85.89999999999998,1,1,1.0
71,5,840.83,251.96,33.08999999999992,27.93999999999997,1,1,1.0
72,2,209.68,250.6,93.5,43.130000000000024,1,1,1.0
72,4,834.5,226.5,125.10000000000002,87.89999999999998,1,1,1.0
72,5,833.89,252.44,33.09000000000003,27.930000000000007,1,1,1.0
73,2,209.68,250.6,93.5,43.16,1,1,1.0
73,4,826.8,227.57,132.80000000000007,88.30000000000001,1,1,1.0
73,5,825.91,253.5,34.280000000000086,27.939999999999998,1,1,1.0
74,2,209.68,250.6,93.5,43.190000000000026,1,1,1.0
74,4,819.1,228.63,140.5,88.69999999999999,1,1,1.0
74,5,817.93,254.57,35.460000000000036,27.930000000000007,1,1,1.0
75,2,209.68,250.6,93.5,43.21000000000001,1,1,1.0
75,4,811.4,229.7,148.20000000000005,89.10000000000002,1,1,1.0
75,5,809.95,255.63,36.64999999999998,27.939999999999998,1,1,1.0
76,2,209.68,250.6,93.5,43.23999999999998,1,1,1.0
76,4,803.03,230.77,156.57000000000005,90.42999999999998,1,1,1.0
76,5,799.84,257.36,36.64999999999998,27.939999999999998,1,1,1.0
77,2,209.68,250.6,93.5,43.26000000000002,1,1,1.0
77,4,794.67,231.83,164.93000000000006,91.77000000000001,1,1,1.0
77,5,789.73,259.09,36.64999999999998,27.939999999999998,1,1,1.0
78,2,209.68,250.6,93.5,43.28999999999999,1,1,1.0
78,4,786.3,232.9,173.30000000000007,93.1,1,1,1.0
78,5,779.62,260.82,36.64999999999998,27.930000000000007,1,1,1.0
79,2,209.68,250.6,93.5,43.32000000000002,1,1,1.0
79,4,778.05,234.23,175.82000000000005,94.29999999999998,1,1,1.0
79,5,769.91,261.22,36.64999999999998,27.92999999999995,1,1,1.0
79,6,951.6,235.28,7.600000000000023,32.32000000000002,1,1,1.0
80,2,209.68,250.6,93.5,43.34,1,1,1.0
80,4,769.8,235.57,178.33000000000004,95.5,1,1,1.0
80,5,760.19,261.62,36.65999999999997,27.930000000000007,1,1,1.0
80,6,946.4,236.08,8.279999999999973,32.319999999999965,1,1,1.0
81,2,209.68,250.6,93.5,43.37000000000003,1,1,1.0
81,4,761.56,236.9,180.84000000000003,96.70000000000002,1,1,1.0
81,5,750.48,262.02,36.65999999999997,27.930000000000007,1,1,1.0
81,6,941.2,236.88,8.949999999999932,32.31999999999999,1,1,1.0
82,2,209.68,250.6,93.5,43.400000000000006,1,1,1.0
82,4,753.18,236.9,180.84000000000003,96.70000000000002,1,1,1.0
82,5,740.51,262.81,36.64999999999998,27.939999999999998,1,1,1.0
82,6,934.5,237.67,11.129999999999995,32.33000000000001,1,1,1.0
83,2,209.68,250.6,93.50999999999999,43.41999999999999,1,1,1.0
83,4,744.4,238.1,184.45000000000005,97.77000000000001,1,1,1.0
83,5,729.6,262.68,36.64999999999998,28.730000000000018,1,1,1.0
83,6,928.9,238.74,10.350000000000023,32.31999999999999,1,1,1.0
84,2,209.68,250.6,93.50999999999999,43.45000000000002,1,1,1.0
84,4,735.62,239.3,188.04999999999995,98.82999999999998,1,1,1.0
84,5,718.69,262.54,36.65999999999997,29.539999999999964,1,1,1.0
84,6,923.3,239.8,9.56000000000006,32.329999999999984,1,1,1.0
85,2,209.68,250.6,93.50999999999999,43.47,1,1,1.0
85,4,726.84,240.5,191.65999999999997,99.89999999999998,1,1,1.0
85,5,707.78,262.4,36.66000000000008,30.340000000000032,1,1,1.0
85,6,918.9,240.87,7.57000000000005,32.31999999999999,1,1,1.0
86,2,209.68,250.6,93.50999999999999,43.50000000000003,1,1,1.0
86,4,716.7,241.3,195.33999999999992,101.57999999999998,1,1,1.0
86,5,696.85,262.72,39.91999999999996,30.739999999999952,1,1,1.0
86,6,912.02,241.03,8.139999999999986,33.03999999999999,1,1,1.0
87,2,209.68,250.6,93.50999999999999,43.53,1,1,1.0
87,4,706.56,242.1,199.0200000000001,103.26000000000002,1,1,1.0
87,5,685.91,263.04,43.190000000000055,31.139999999999986,1,1,1.0
87,6,905.14,241.19,8.700000000000045,33.75999999999999,1,1,1.0
88,2,209.68,250.6,93.50999999999999,43.54999999999998,1,1,1.0
88,4,696.43,242.9,202.69000000000005,104.93999999999997,1,1,1.0
88,5,674.98,263.36,46.460000000000036,31.539999999999964,1,1,1.0
88,6,898.26,241.34,9.269999999999982,34.49999999999997,1,1,1.0
89,2,209.68,250.6,93.50999999999999,43.58000000000001,1,1,1.0
89,4,686.29,243.7,206.37,106.62,1,1,1.0
89,5,664.04,263.68,49.73000000000002,31.939999999999998,1,1,1.0
89,6,891.38,241.5,9.830000000000041,35.22000000000003,1,1,1.0
90,2,209.68,250.6,93.50999999999999,43.599999999999994,1,1,1.0
90,4,676.16,244.5,210.04000000000008,108.30000000000001,1,1,1.0
90,5,653.11,264.0,52.99000000000001,32.339999999999975,1,1,1.0
90,6,884.5,241.66,10.399999999999977,35.940000000000026,1,1,1.0
91,2,209.68,250.6,93.50999999999999,43.630000000000024,1,1,1.0
91,4,664.88,245.4,214.45000000000005,110.59,1,1,1.0
91,5,640.64,264.9,58.690000000000055,32.33000000000004,1,1,1.0
91,6,869.85,242.26,17.579999999999927,35.94,1,1,1.0
92,2,209.68,250.6,93.50999999999999,43.66,1,1,1.0
92,4,653.61,246.3,218.84000000000003,112.88999999999999,1,1,1.0
92,5,628.17,265.8,64.38,32.329999999999984,1,1,1.0
92,6,855.2,242.86,24.75,35.94,1,1,1.0
93,2,209.68,250.6,93.50999999999999,43.67999999999998,1,1,1.0
93,4,642.33,247.2,223.25,115.18,1,1,1.0
93,5,615.7,266.69,70.07999999999993,32.339999999999975,1,1,1.0
93,6,840.55,243.46,31.930000000000064,35.93999999999997,1,1,1.0
94,2,209.68,250.6,93.50999999999999,43.71000000000001,1,1,1.0
94,4,631.06,248.1,227.6400000000001,117.47,1,1,1.0
94,5,603.23,267.59,75.76999999999998,32.34000000000003,1,1,1.0
94,6,825.9,244.06,39.10000000000002,35.93000000000001,1,1,1.0
95,2,209.68,250.6,93.50999999999999,43.73999999999998,1,1,1.0
95,4,619.73,249.86,231.41999999999996,117.46999999999997,1,1,1.0
95,5,590.13,267.84,75.77999999999997,32.34000000000003,1,1,1.0
95,6,819.35,245.08,39.10000000000002,33.66999999999999,1,1,1.0
96,2,209.68,250.6,93.50999999999999,43.76000000000002,1,1,1.0
96,4,608.4,251.62,235.20000000000005,117.46999999999997,1,1,1.0
96,5,577.04,268.1,75.78000000000009,32.329999999999984,1,1,1.0
96,6,812.81,246.1,39.10000000000002,31.400000000000006,1,1,1.0
97,2,209.68,250.6,93.50999999999999,43.78999999999999,1,1,1.0
97,4,596.32,252.62,238.70999999999992,119.83999999999997,1,1,1.0
97,5,564.79,268.6,78.29000000000008,32.339999999999975,1,1,1.0
97,6,798.54,246.44,44.98000000000002,31.399999999999977,1,1,1.0
98,2,209.68,250.6,93.50999999999999,43.81000000000003,1,1,1.0
98,4,584.23,253.61,242.24,122.21999999999997,1,1,1.0
98,5,552.53,269.1,80.81000000000006,32.339999999999975,1,1,1.0
98,6,784.27,246.77,50.85000000000002,31.400000000000006,1,1,1.0
99,2,209.68,250.6,93.50999999999999,43.84,1,1,1.0
99,4,572.15,254.6,245.75,124.6,1,1,1.0
99,5,540.28,269.61,83.32000000000005,32.329999999999984,1,1,1.0
99,6,770.0,247.11,56.73000000000002,31.399999999999977,1,1,1.0
100,2,209.68,250.6,93.50999999999999,43.87000000000003,1,1,1.0
100,4,559.06,256.62,250.66000000000008,125.21999999999997,1,1,1.0
100,5,525.8,269.85,87.10000000000002,33.099999999999966,1,1,1.0
100,6,758.3,247.99,57.48000000000002,26.99000000000001,1,1,1.0
101,2,209.68,250.6,93.50999999999999,43.890000000000015,1,1,1.0
101,4,545.97,258.65,255.55999999999995,125.84000000000003,1,1,1.0
101,5,511.33,270.1,90.87000000000006,33.85999999999996,1,1,1.0
101,6,746.6,248.87,58.23000000000002,22.579999999999984,1,1,1.0
102,2,209.68,250.6,93.50999999999999,43.91999999999999,1,1,1.0
102,4,532.89,260.67,260.46000000000004,126.45999999999998,1,1,1.0
102,5,496.85,270.35,94.64999999999998,34.60999999999996,1,1,1.0
102,6,734.9,249.75,58.97000000000003,18.180000000000007,1,1,1.0
103,2,209.68,250.6,93.50999999999999,43.95000000000002,1,1,1.0
103,4,519.8,262.7,265.37,127.07999999999998,1,1,1.0
103,5,482.37,270.6,98.42999999999995,35.370000000000005,1,1,1.0
103,6,723.2,250.63,59.719999999999914,13.769999999999982,1,1,1.0
103,7,949.89,230.4,10.110000000000014,33.67999999999998,1,1,1.0
104,2,209.68,250.6,93.50999999999999,43.97,1,1,1.0
104,4,505.2,264.2,272.08,130.62,1,1,1.0
104,5,467.77,270.77,98.43000000000006,36.379999999999995,1,1,1.0
104,6,709.94,251.47,63.739999999999895,13.77000000000001,1,1,1.0
104,7,946.11,228.3,13.889999999999986,36.51999999999998,1,1,1.0
105,2,209.68,250.6,93.50999999999999,44.00000000000003,1,1,1.0
105,4,490.6,265.7,278.78999999999996,134.16000000000003,1,1,1.0
105,5,453.17,270.93,98.42000000000002,37.389999999999986,1,1,1.0
105,6,696.68,252.31,67.7600000000001,13.769999999999982,1,1,1.0
105,7,942.32,226.2,17.67999999999995,39.360000000000014,1,1,1.0
106,2,209.68,250.6,93.50999999999999,44.02000000000001,1,1,1.0
106,4,476.0,267.2,285.5,137.7,1,1,1.0
106,5,438.56,271.1,98.43,38.39999999999998,1,1,1.0
106,6,683.42,253.15,71.78000000000009,13.77000000000001,1,1,1.0
106,7,938.53,224.1,21.470000000000027,42.20000000000002,1,1,1.0
107,2,209.68,250.6,93.50999999999999,44.04999999999998,1,1,1.0
107,4,459.66,268.22,291.73999999999995,141.05999999999995,1,1,1.0
107,5,425.43,271.94,99.26000000000005,39.06999999999999,1,1,1.0
107,6,668.26,253.66,75.65999999999997,15.280000000000001,1,1,1.0
107,7,934.75,222.0,25.25,45.04000000000002,1,1,1.0
108,2,209.68,250.6,93.50999999999999,44.08000000000001,1,1,1.0
108,4,443.33,269.24,297.96999999999997,144.42000000000002,1,1,1.0
108,5,412.29,272.78,100.09999999999997,39.75,1,1,1.0
108,6,653.1,254.17,79.53999999999996,16.789999999999992,1,1,1.0
108,7,930.96,219.9,29.039999999999964,47.87999999999997,1,1,1.0
109,2,209.68,250.6,93.50999999999999,44.099999999999994,1,1,1.0
109,4,426.99,270.26,304.21000000000004,147.78000000000003,1,1,1.0
109,5,399.15,273.62,100.95000000000005,40.420000000000016,1,1,1.0
109,6,637.95,254.68,83.40999999999997,18.30000000000001,1,1,1.0
109,7,927.17,217.8,32.83000000000004,50.71999999999997,1,1,1.0
110,2,209.68,250.6,93.50999999999999,44.130000000000024,1,1,1.0
110,4,410.65,271.28,310.45000000000005,151.14000000000004,1,1,1.0
110,5,386.01,274.46,101.79000000000002,41.10000000000002,1,1,1.0
110,6,622.79,255.19,87.29000000000008,19.810000000000002,1,1,1.0
110,7,923.39,215.7,36.610000000000014,53.56,1,1,1.0
111,2,209.68,250.6,93.50999999999999,44.150000000000006,1,1,1.0
111,4,394.32,272.3,316.68,154.5,1,1,1.0
111,5,372.88,275.3,102.62,41.77999999999997,1,1,1.0
111,6,607.63,255.7,91.16999999999996,21.319999999999993,1,1,1.0
111,7,919.6,213.6,40.39999999999998,56.400000000000006,1,1,1.0
112,2,209.68,250.6,93.50999999999999,44.17999999999998,1,1,1.0
112,4,375.05,273.99,324.79,158.07,1,1,1.0
112,5,357.83,276.46,103.88,41.77000000000004,1,1,1.0
112,6,592.26,256.44,94.00999999999999,22.689999999999998,1,1,1.0
112,7,914.27,213.77,45.700000000000045,56.900000000000006,1,1,1.0
113,2,209.68,250.6,93.51999999999998,44.21000000000001,1,1,1.0
113,4,355.79,275.67,332.88999999999993,161.65999999999997,1,1,1.0
113,5,342.77,277.62,105.16000000000003,41.76999999999998,1,1,1.0
113,6,576.9,257.17,96.85000000000002,24.069999999999993,1,1,1.0
113,7,908.93,213.94,51.0,57.39999999999998,1,1,1.0
114,2,209.68,250.6,93.51999999999998,44.22999999999999,1,1,1.0
114,4,336.52,277.36,340.99,165.22999999999996,1,1,1.0
114,5,327.72,278.77,106.41999999999996,41.78000000000003,1,1,1.0
114,6,561.53,257.91,99.69000000000005,25.439999999999998,1,1,1.0
114,7,903.6,214.11,56.299999999999955,57.89999999999998,1,1,1.0
115,2,209.68,250.6,93.51999999999998,44.26000000000002,1,1,1.0
115,4,317.26,279.05,349.09000000000003,168.8,1,1,1.0
115,5,312.67,279.93,107.68,41.77999999999997,1,1,1.0
115,6,546.17,258.65,102.53000000000009,26.810000000000002,1,1,1.0
115,7,898.27,214.28,61.60000000000002,58.400000000000006,1,1,1.0
116,2,209.68,250.6,93.51999999999998,44.28999999999999,1,1,1.0
116,4,297.99,280.74,357.20000000000005,172.37,1,1,1.0
116,5,297.61,281.09,108.94999999999999,41.77000000000004,1,1,1.0
116,6,530.8,259.39,105.37,28.180000000000007,1,1,1.0
116,7,892.93,214.45,66.90000000000009,58.900000000000034,1,1,1.0
117,2,209.68,250.6,93.51999999999998,44.31000000000003,1,1,1.0
117,4,278.73,282.42,365.29999999999995,175.95999999999998,1,1,1.0
117,5,282.56,282.25,110.21999999999997,41.76999999999998,1,1,1.0
117,6,515.43,260.12,108.22000000000003,29.560000000000002,1,1,1.0
117,7,887.6,214.62,72.19999999999993,59.39999999999998,1,1,1.0
118,2,209.68,250.6,93.51999999999998,44.34,1,1,1.0
118,4,259.46,284.11,373.40000000000003,179.52999999999997,1,1,1.0
118,5,267.51,283.4,111.48000000000002,41.78000000000003,1,1,1.0
118,6,500.07,260.86,111.05000000000001,30.930000000000007,1,1,1.0
118,7,881.7,214.79,75.63,59.900000000000006,1,1,1.0
119,2,209.68,250.6,93.51999999999998,44.359999999999985,1,1,1.0
119,4,240.2,285.8,381.50000000000006,183.09999999999997,1,1,1.0
119,5,252.46,284.56,112.73999999999998,41.77999999999997,1,1,1.0
119,6,484.7,261.6,113.90000000000003,32.299999999999955,1,1,1.0
119,7,875.8,214.96,79.05000000000007,60.400000000000006,1,1,1.0
120,2,209.68,250.6,93.51999999999998,44.390000000000015,1,1,1.0
120,4,214.94,288.11,394.02000000000004,187.52999999999997,1,1,1.0
120,5,234.98,285.83,114.43000000000004,41.77000000000004,1,1,1.0
120,6,471.23,262.24,114.00999999999999,33.65999999999997,1,1,1.0
120,7,869.9,215.13,82.48000000000002,60.89999999999998,1,1,1.0
121,2,209.68,250.6,93.51999999999998,44.41999999999999,1,1,1.0
121,4,189.67,290.42,406.55000000000007,191.95999999999998,1,1,1.0
121,5,217.51,287.09,116.12,41.77000000000004,1,1,1.0
121,6,457.75,262.87,114.12,35.02999999999997,1,1,1.0
121,7,864.0,215.3,85.89999999999998,61.39999999999998,1,1,1.0
122,2,209.68,250.6,93.51999999999998,44.440000000000026,1,1,1.0
122,4,164.41,292.74,419.08000000000004,196.37,1,1,1.0
122,5,200.04,288.35,117.79999999999998,41.77999999999997,1,1,1.0
122,6,444.28,263.51,114.23000000000002,36.389999999999986,1,1,1.0
122,7,858.72,215.91,86.35000000000002,61.47999999999999,1,1,1.0
123,2,209.68,250.6,93.51999999999998,44.47,1,1,1.0
123,4,139.15,295.05,431.6,200.8,1,1,1.0
123,5,182.56,289.61,119.49000000000001,41.77999999999997,1,1,1.0
123,6,430.81,264.15,114.33999999999997,37.75,1,1,1.0
123,7,853.44,216.52,86.80999999999995,61.559999999999974,1,1,1.0
124,2,209.68,250.6,93.51999999999998,44.50000000000003,1,1,1.0
124,4,113.89,297.36,444.12,205.22999999999996,1,1,1.0
124,5,165.09,290.88,121.16999999999999,41.76999999999998,1,1,1.0
124,6,417.33,264.79,114.45999999999998,39.10999999999996,1,1,1.0
124,7,848.15,217.13,87.26999999999998,61.639999999999986,1,1,1.0
125,2,209.68,250.6,93.51999999999998,44.52000000000001,1,1,1.0
125,4,88.62,299.67,456.65,209.65999999999997,1,1,1.0
125,5,147.62,292.14,122.86000000000001,41.78000000000003,1,1,1.0
125,6,403.86,265.42,114.55999999999995,40.47999999999996,1,1,1.0
125,7,842.87,217.74,87.72000000000003,61.71999999999997,1,1,1.0
126,2,209.68,250.6,93.51999999999998,44.54999999999998,1,1,1.0
126,4,63.36,301.99,469.17999999999995,214.06999999999994,1,1,1.0
126,5,130.14,293.4,124.55000000000001,41.78000000000003,1,1,1.0
126,6,390.38,266.06,114.68,41.839999999999975,1,1,1.0
126,7,837.59,218.35,88.16999999999996,61.79999999999998,1,1,1.0
127,2,209.68,250.6,93.51999999999998,44.57000000000002,1,1,1.0
127,4,38.1,304.3,481.69999999999993,218.49999999999994,1,1,1.0
127,5,112.67,294.67,126.23,41.76999999999998,1,1,1.0
127,6,376.91,266.7,114.78999999999996,43.19999999999999,1,1,1.0
127,7,832.31,218.95,88.63000000000011,61.879999999999995,1,1,1.0
128,2,209.68,250.6,93.51999999999998,44.599999999999994,1,1,1.0
128,4,11.1,307.29,491.94,221.23999999999995,1,1,1.0
128,5,95.07,296.26,126.52000000000001,42.139999999999986,1,1,1.0
128,6,361.57,267.73,115.72000000000003,43.94999999999999,1,1,1.0
128,7,827.02,219.56,89.09000000000003,61.95999999999998,1,1,1.0
129,2,209.68,250.6,93.51999999999998,44.599999999999994,1,1,1.0
129,4,5.55,310.28,480.74,223.99,1,1,1.0
129,5,77.48,297.85,126.8,42.51999999999998,1,1,1.0
129,6,346.22,268.77,116.65999999999997,44.69,1,1,1.0
129,7,821.74,220.17,89.53999999999996,62.03999999999999,1,1,1.0
130,2,209.68,250.6,93.51999999999998,44.599999999999994,1,1,1.0
130,4,0.0,313.27,469.53,226.73000000000002,1,1,1.0
130,5,59.88,299.44,127.09,42.889999999999986,1,1,1.0
130,6,330.88,269.8,117.59000000000003,45.43000000000001,1,1,1.0
130,7,816.46,220.78,89.99000000000001,62.119999999999976,1,1,1.0
131,2,209.68,250.6,93.51999999999998,44.599999999999994,1,1,1.0
131,4,0.0,316.26,452.78,223.74,1,1,1.0
131,5,42.29,301.03,127.37,43.26000000000005,1,1,1.0
131,6,315.53,270.83,118.53000000000003,46.18000000000001,1,1,1.0
131,7,811.18,221.39,90.45000000000005,62.19999999999999,1,1,1.0
132,2,209.68,250.6,93.51999999999998,44.599999999999994,1,1,1.0
132,4,0.0,319.24,436.02,220.76,1,1,1.0
132,5,24.69,302.62,127.65,43.629999999999995,1,1,1.0
132,6,300.19,271.87,119.44999999999999,46.920000000000016,1,1,1.0
132,7,805.89,222.0,90.90999999999997,62.27999999999997,1,1,1.0
133,2,209.68,250.6,93.51999999999998,44.599999999999994,1,1,1.0
133,4,0.0,322.23,419.27,217.76999999999998,1,1,1.0
133,5,7.1,304.21,127.93,44.0,1,1,1.0
133,6,284.84,272.9,120.39000000000004,47.670000000000016,1,1,1.0
133,7,798.48,222.17,91.91999999999996,62.28,1,1,1.0
133,8,683.79,533.56,59.79000000000008,6.440000000000055,1,1,1.0
134,2,209.68,250.6,93.51999999999998,44.599999999999994,1,1,1.0
134,4,0.0,325.22,402.51,214.77999999999997,1,1,1.0
134,5,0.2,305.8,117.52,44.379999999999995,1,1,1.0
134,6,269.5,273.93,121.32,48.40999999999997,1,1,1.0
134,7,791.07,222.34,92.92999999999995,62.28,1,1,1.0
134,8,687.17,527.67,78.50999999999999,12.330000000000041,1,1,1.0
135,2,209.68,250.6,93.51999999999998,44.599999999999994,1,1,1.0
135,4,0.0,328.21,385.76,209.88000000000005,1,1,1.0
135,5,0.0,307.39,100.41,44.75,1,1,1.0
135,6,254.15,274.97,122.26000000000002,49.14999999999998,1,1,1.0
135,7,783.66,222.51,93.94000000000005,62.26999999999998,1,1,1.0
135,8,690.54,521.78,97.25,18.220000000000027,1,1,1.0
136,2,209.68,250.6,93.51999999999998,44.599999999999994,1,1,1.0
136,4,0.0,331.2,369.0,208.8,1,1,1.0
136,5,0.0,308.98,83.1,45.120000000000005,1,1,1.0
136,6,238.81,276.0,123.19,49.89999999999998,1,1,1.0
136,7,776.25,222.67,94.95000000000005,62.28,1,1,1.0
136,8,693.92,515.89,115.97000000000003,24.110000000000014,1,1,1.0
137,2,209.68,250.6,93.51999999999998,44.599999999999994,1,1,1.0
137,4,0.0,335.4,350.5,204.60000000000002,1,1,1.0
137,5,0.0,309.39,65.0,44.710000000000036,1,1,1.0
137,6,221.1,277.68,124.9,49.89999999999998,1,1,1.0
137,7,768.84,222.84,95.95999999999992,62.28,1,1,1.0
137,8,697.3,510.0,134.70000000000005,30.0,1,1,1.0
138,2,209.68,250.6,93.51999999999998,44.599999999999994,1,1,1.0
138,4,0.0,339.6,332.0,200.39999999999998,1,1,1.0
138,5,0.0,309.8,46.9,44.30000000000001,1,1,1.0
138,6,203.4,279.37,126.6,49.89999999999998,1,1,1.0
138,7,761.05,223.26,97.43000000000006,62.48000000000002,1,1,1.0
138,8,705.51,504.3,135.97000000000003,35.69999999999999,1,1,1.0
139,2,209.68,250.6,93.51999999999998,44.599999999999994,1,1,1.0
139,4,0.0,342.95,311.35,197.05,1,1,1.0
139,5,0.0,316.15,27.05,37.950000000000045,1,1,1.0
139,6,187.4,280.21,127.85,49.900000000000034,1,1,1.0
139,7,753.26,223.67,98.88999999999999,62.690000000000026,1,1,1.0
139,8,713.72,498.6,137.23000000000002,41.39999999999998,1,1,1.0
140,2,209.68,250.6,93.51999999999998,44.599999999999994,1,1,1.0
140,4,0.0,346.3,290.7,193.7,1,1,1.0
140,5,0.0,322.5,7.2,31.600000000000023,1,1,1.0
140,6,171.4,281.05,129.1,49.89999999999998,1,1,1.0
140,7,745.47,224.09,100.36000000000001,62.890000000000015,1,1,1.0
140,8,721.93,492.9,138.5,47.10000000000002,1,1,1.0
141,2,209.68,250.6,93.51999999999998,44.599999999999994,1,1,1.0
141,4,0.0,349.4,268.8,190.60000000000002,1,1,1.0
141,6,154.0,281.34,131.32999999999998,51.02000000000004,1,1,1.0
141,7,737.68,224.5,101.82000000000005,63.10000000000002,1,1,1.0
141,8,730.14,487.2,139.76,52.80000000000001,1,1,1.0
142,2,209.68,250.6,93.51999999999998,44.599999999999994,1,1,1.0
142,4,0.0,352.5,246.9,187.5,1,1,1.0
142,6,136.59,281.62,133.58,52.139999999999986,1,1,1.0
142,7,730.35,225.22,102.17999999999995,63.099999999999994,1,1,1.0
142,8,740.72,482.27,136.64,57.24000000000001,1,1,1.0
143,2,209.68,250.6,93.51999999999998,44.599999999999994,1,1,1.0
143,4,0.0,355.6,225.0,184.39999999999998,1,1,1.0
143,6,119.19,281.9,135.81,53.26000000000005,1,1,1.0
143,7,723.01,225.94,102.54999999999995,63.10000000000002,1,1,1.0
143,8,751.3,477.34,133.5200000000001,61.69,1,1,1.0
144,2,209.68,250.6,93.51999999999998,44.599999999999994,1,1,1.0
144,4,0.0,360.67,201.43,179.32999999999998,1,1,1.0
144,6,100.94,283.3,137.19,54.94999999999999,1,1,1.0
144,7,715.67,226.67,102.92000000000007,63.099999999999994,1,1,1.0
144,8,761.88,472.4,130.39999999999998,66.13999999999999,1,1,1.0
145,2,209.68,250.6,93.51999999999998,44.599999999999994,1,1,1.0
145,4,0.0,365.73,177.87,174.26999999999998,1,1,1.0
145,6,82.7,284.7,138.57,56.639999999999986,1,1,1.0
145,7,708.33,227.39,103.27999999999997,63.10000000000002,1,1,1.0
145,8,772.46,467.47,127.26999999999998,70.58999999999992,1,1,1.0
146,2,209.68,250.6,93.51999999999998,44.599999999999994,1,1,1.0
146,4,0.0,370.8,154.3,169.2,1,1,1.0
146,6,64.45,286.1,139.95,58.329999999999984,1,1,1.0
146,7,700.99,228.11,103.64999999999998,63.099999999999966,1,1,1.0
146,8,783.04,462.54,124.15000000000009,75.03000000000003,1,1,1.0
147,2,209.68,250.6,93.51999999999998,44.599999999999994,1,1,1.0
147,4,0.0,376.08,128.0,163.92000000000002,1,1,1.0
147,6,48.34,287.37,139.44,59.15999999999997,1,1,1.0
147,7,693.65,228.83,104.01999999999998,63.099999999999994,1,1,1.0
147,8,793.62,457.61,121.02999999999997,79.48000000000002,1,1,1.0
148,2,209.68,250.6,93.51999999999998,44.599999999999994,1,1,1.0
148,4,0.0,381.35,101.7,158.64999999999998,1,1,1.0
148,6,32.23,288.65,138.92000000000002,59.99000000000001,1,1,1.0
148,7,686.32,229.55,104.38,63.099999999999966,1,1,1.0
148,8,804.2,452.67,117.90999999999997,83.93,1,1,1.0
149,2,209.68,250.6,93.51999999999998,44.599999999999994,1,1,1.0
149,4,0.0,386.63,75.4,153.37,1,1,1.0
149,6,16.11,289.92,138.42000000000002,60.81999999999999,1,1,1.0
149,7,677.05,229.87,105.97000000000003,63.73000000000002,1,1,1.0
149,8,812.1,448.46,117.53999999999996,83.30000000000001,1,1,1.0
150,2,209.68,250.6,93.51999999999998,44.599999999999994,1,1,1.0
150,4,0.0,391.9,49.1,148.10000000000002,1,1,1.0
150,6,0.0,291.2,137.9,61.650000000000034,1,1,1.0
150,7,667.79,230.19,107.55000000000007,64.36000000000001,1,1,1.0
150,8,820.0,444.26,117.16999999999996,82.65999999999997,1,1,1.0
151,2,209.68,250.6,93.51999999999998,44.599999999999994,1,1,1.0
151,4,0.0,407.9,20.5,132.10000000000002,1,1,1.0
151,6,0.0,291.2,120.2,61.650000000000034,1,1,1.0
151,7,658.53,230.5,109.13,64.99000000000001,1,1,1.0
151,8,827.9,440.05,116.80000000000007,82.04000000000002,1,1,1.0
152,2,209.68,250.6,93.51999999999998,44.599999999999994,1,1,1.0
152,6,0.0,291.2,101.7,61.650000000000034,1,1,1.0
152,7,649.26,230.82,110.72000000000003,65.62,1,1,1.0
152,8,835.8,435.84,112.73000000000002,81.41000000000003,1,1,1.0
153,2,209.68,250.6,93.51999999999998,44.599999999999994,1,1,1.0
153,6,0.0,292.88,83.4,59.97000000000003,1,1,1.0
153,7,640.0,231.13,112.29999999999995,66.25999999999999,1,1,1.0
153,8,843.7,431.63,108.64999999999998,80.77999999999997,1,1,1.0
154,2,209.68,250.6,93.51999999999998,44.599999999999994,1,1,1.0
154,6,0.0,294.55,65.1,58.30000000000001,1,1,1.0
154,7,630.74,231.45,113.88,66.88999999999999,1,1,1.0
154,8,851.6,427.42,104.57999999999993,80.14999999999998,1,1,1.0
155,2,209.68,250.6,93.51999999999998,44.599999999999994,1,1,1.0
155,6,0.0,296.23,46.8,56.620000000000005,1,1,1.0
155,7,621.47,231.77,115.47000000000003,67.50999999999996,1,1,1.0
155,8,859.5,423.21,100.5,79.53000000000003,1,1,1.0
156,2,209.68,250.6,93.51999999999998,44.599999999999994,1,1,1.0
156,6,0.0,297.9,28.5,54.950000000000045,1,1,1.0
156,7,612.21,232.08,117.04999999999995,68.15,1,1,1.0
156,8,867.4,419.0,92.60000000000002,78.89999999999998,1,1,1.0
157,2,209.68,250.6,93.51999999999998,44.599999999999994,1,1,1.0
157,6,0.0,303.0,10.8,49.85000000000002,1,1,1.0
157,7,601.77,231.91,117.55000000000007,68.98999999999998,1,1,1.0
157,8,874.14,415.29,85.86000000000001,78.89999999999998,1,1,1.0
158,2,209.68,250.6,93.51999999999998,44.599999999999994,1,1,1.0
158,7,591.33,231.73,118.04999999999995,69.85,1,1,1.0
158,8,880.88,411.59,79.12,78.90000000000003,1,1,1.0
159,2,209.68,250.6,93.51999999999998,44.599999999999994,1,1,1.0
159,7,580.88,231.55,118.57000000000005,70.69999999999999,1,1,1.0
159,8,887.62,407.88,72.38,78.89999999999998,1,1,1.0
160,2,209.68,250.6,93.51999999999998,44.599999999999994,1,1,1.0
160,7,570.44,231.38,119.06999999999994,71.55000000000001,1,1,1.0
160,8,894.36,404.18,65.63999999999999,78.89999999999998,1,1,1.0
161,2,209.68,250.6,93.51999999999998,44.599999999999994,1,1,1.0
161,7,560.0,231.2,119.57000000000005,72.40000000000003,1,1,1.0
161,8,901.1,400.47,58.89999999999998,78.89999999999998,1,1,1.0
162,2,209.68,250.6,93.51999999999998,44.599999999999994,1,1,1.0
162,7,548.93,232.16,121.2600000000001,72.4,1,1,1.0
162,8,906.39,397.35,53.610000000000014,77.45999999999998,1,1,1.0
163,2,209.68,250.6,93.51999999999998,44.599999999999994,1,1,1.0
163,7,537.86,233.13,122.94999999999993,72.38999999999999,1,1,1.0
163,8,911.67,394.22,48.33000000000004,76.01999999999998,1,1,1.0
164,2,209.68,250.6,93.51999999999998,44.599999999999994,1,1,1.0
164,7,526.8,234.09,124.63,72.4,1,1,1.0
164,8,916.96,391.09,43.039999999999964,74.58000000000004,1,1,1.0
165,2,209.68,250.6,93.51999999999998,44.599999999999994,1,1,1.0
165,7,515.73,235.05,126.31999999999994,72.39999999999998,1,1,1.0
165,8,922.24,387.96,37.75999999999999,73.14000000000004,1,1,1.0
166,2,209.68,250.6,93.51999999999998,44.599999999999994,1,1,1.0
166,7,504.66,236.01,127.99999999999994,72.40000000000003,1,1,1.0
166,8,927.53,384.83,32.47000000000003,71.71000000000004,1,1,1.0
167,2,209.68,250.6,93.51999999999998,44.599999999999994,1,1,1.0
167,7,493.59,236.98,129.69,72.39000000000001,1,1,1.0
167,8,932.81,381.71,27.190000000000055,70.26000000000005,1,1,1.0
168,2,209.68,250.6,93.51999999999998,44.599999999999994,1,1,1.0
168,7,482.53,237.94,131.37,72.39999999999998,1,1,1.0
168,8,938.1,378.58,21.899999999999977,68.82,1,1,1.0
169,2,209.68,250.6,93.51999999999998,44.599999999999994,1,1,1.0
169,7,471.56,238.32,132.64000000000004,71.60000000000002,1,1,1.0
169,8,944.0,384.89,16.0,59.960000000000036,1,1,1.0
170,2,209.68,250.6,93.51999999999998,44.599999999999994,1,1,1.0
170,7,460.6,238.7,133.89999999999998,70.79000000000002,1,1,1.0
170,8,949.9,391.2,10.100000000000023,51.10000000000002,1,1,1.0
171,2,209.68,250.6,93.51999999999998,44.599999999999994,1,1,1.0
171,7,448.81,239.82,133.90000000000003,70.80000000000001,1,1,1.0
171,8,955.0,391.2,5.0,51.10000000000002,1,1,1.0
172,2,209.68,250.6,93.51999999999998,44.599999999999994,1,1,1.0
172,7,437.02,240.95,133.89999999999998,70.79000000000002,1,1,1.0
173,2,209.68,250.6,93.51999999999998,44.599999999999994,1,1,1.0
173,7,425.23,242.07,133.89999999999998,70.79000000000002,1,1,1.0
174,2,209.68,250.6,93.51999999999998,44.599999999999994,1,1,1.0
174,7,413.63,242.07,134.92999999999995,71.17000000000002,1,1,1.0
175,2,209.68,250.6,93.51999999999998,44.599999999999994,1,1,1.0
175,7,402.03,242.08,135.96000000000004,71.53,1,1,1.0
176,2,209.68,250.6,93.51999999999998,44.599999999999994,1,1,1.0
176,7,390.42,242.08,136.99999999999994,71.91,1,1,1.0
177,2,209.68,250.6,93.51999999999998,44.599999999999994,1,1,1.0
177,7,378.82,242.08,138.03000000000003,72.28,1,1,1.0
178,2,209.68,250.6,93.51999999999998,44.599999999999994,1,1,1.0
178,7,367.22,242.09,139.05999999999995,72.64000000000001,1,1,1.0
179,2,209.68,250.6,93.51999999999998,44.599999999999994,1,1,1.0
179,7,355.62,242.09,140.08999999999997,73.02000000000001,1,1,1.0
180,2,209.68,250.6,93.51999999999998,44.599999999999994,1,1,1.0
180,7,344.02,242.09,141.12,73.39000000000001,1,1,1.0
181,2,209.68,250.6,93.51999999999998,44.599999999999994,1,1,1.0
181,7,332.41,242.1,142.15999999999997,73.76000000000002,1,1,1.0
182,2,209.68,250.6,93.51999999999998,44.599999999999994,1,1,1.0
182,7,320.81,242.1,143.19,74.13000000000002,1,1,1.0
183,2,209.68,250.6,93.51999999999998,44.599999999999994,1,1,1.0
183,7,309.44,242.53,143.51,74.74999999999997,1,1,1.0
184,2,209.68,250.6,93.51999999999998,44.599999999999994,1,1,1.0
184,7,298.07,242.95,143.82999999999998,75.38999999999999,1,1,1.0
185,2,209.68,250.6,93.51999999999998,44.599999999999994,1,1,1.0
185,7,286.71,243.38,144.14000000000004,76.00999999999999,1,1,1.0
186,2,209.68,250.6,93.51999999999998,44.599999999999994,1,1,1.0
186,7,275.34,243.8,144.46000000000004,76.63999999999999,1,1,1.0
187,2,209.68,250.6,93.51999999999998,44.599999999999994,1,1,1.0
187,7,263.97,244.23,144.77999999999997,77.26000000000002,1,1,1.0
188,2,209.68,250.6,93.51999999999998,44.599999999999994,1,1,1.0
188,7,252.6,244.65,145.1,77.9,1,1,1.0
189,2,209.68,250.6,93.51999999999998,44.599999999999994,1,1,1.0
189,7,241.23,245.08,145.42,78.52000000000001,1,1,1.0
190,2,209.68,250.6,93.51999999999998,44.599999999999994,1,1,1.0
190,7,229.86,245.5,145.74,79.14999999999998,1,1,1.0
