1,1,121.17,336.09,136.19,55.69,0.8704,-1,-1,-1
1,2,733.59,268.21,72.67,36.87,0.8040,-1,-1,-1
1,3,223.87,251.48,81.68,40.59,0.6424,-1,-1,-1
2,1,99.80,339.23,141.61,57.91,0.8594,-1,-1,-1
2,2,722.49,269.98,72.53,36.82,0.8173,-1,-1,-1
2,3,221.76,251.05,82.87,41.21,0.6797,-1,-1,-1
3,1,77.56,342.23,143.97,58.88,0.8539,-1,-1,-1
3,2,710.07,271.98,73.14,37.11,0.7890,-1,-1,-1
3,3,222.07,251.51,82.79,41.20,0.7286,-1,-1,-1
4,1,51.04,345.39,147.80,60.45,0.8539,-1,-1,-1
4,2,695.22,272.98,75.17,38.14,0.7998,-1,-1,-1
4,3,221.62,252.00,82.45,41.03,0.7480,-1,-1,-1
5,1,22.82,347.93,153.52,62.87,0.8641,-1,-1,-1
5,2,681.06,275.35,75.42,38.22,0.7851,-1,-1,-1
5,3,219.38,251.81,82.72,41.11,0.7648,-1,-1,-1
6,1,0.00,352.83,153.75,63.60,0.8471,-1,-1,-1
6,2,665.83,276.79,78.47,39.83,0.8161,-1,-1,-1
6,3,217.37,251.91,83.41,41.29,0.7501,-1,-1,-1
7,1,0.00,356.29,139.94,65.34,0.8645,-1,-1,-1
7,2,651.38,279.39,78.46,39.74,0.8279,-1,-1,-1
7,3,217.41,252.23,83.44,41.13,0.7749,-1,-1,-1
8,1,0.00,361.01,126.80,66.42,0.8247,-1,-1,-1
8,2,636.62,280.93,80.21,40.58,0.8425,-1,-1,-1
8,3,216.73,252.44,83.59,40.99,0.8021,-1,-1,-1
9,1,0.00,365.88,105.09,59.49,0.8246,-1,-1,-1
9,2,621.83,282.73,81.92,41.43,0.8415,-1,-1,-1
9,3,216.13,252.57,83.88,40.93,0.7974,-1,-1,-1
10,1,0.00,369.90,85.96,56.01,0.7871,-1,-1,-1
10,2,606.24,284.90,82.69,41.74,0.8472,-1,-1,-1
10,3,214.80,252.55,84.25,40.88,0.8051,-1,-1,-1
11,2,591.57,287.28,83.19,41.85,0.8319,-1,-1,-1
11,3,214.49,252.73,84.83,40.82,0.8097,-1,-1,-1
12,2,576.89,288.84,84.80,42.68,0.6322,-1,-1,-1
12,3,213.10,252.52,85.99,41.03,0.7846,-1,-1,-1
13,2,560.85,290.32,85.93,43.13,0.7845,-1,-1,-1
13,3,213.24,253.04,85.87,40.60,0.7545,-1,-1,-1
14,2,534.71,293.66,107.13,55.03,0.4723,-1,-1,-1
14,3,213.13,253.39,86.26,40.43,0.7519,-1,-1,-1
15,2,516.88,295.80,113.30,59.39,0.3421,-1,-1,-1
15,3,212.72,253.47,86.67,40.31,0.7903,-1,-1,-1
16,3,212.40,253.52,87.02,40.10,0.7936,-1,-1,-1
17,2,501.67,302.82,101.98,51.68,0.2871,-1,-1,-1
17,3,211.58,253.48,87.88,40.28,0.8122,-1,-1,-1
17,10,491.21,211.83,102.24,58.21,0.4587,-1,-1,-1
18,2,480.74,305.16,93.76,47.15,0.7550,-1,-1,-1
18,3,210.21,253.06,89.01,40.52,0.8068,-1,-1,-1
18,10,491.80,211.97,103.04,58.74,0.2830,-1,-1,-1
19,2,456.51,307.75,89.86,45.84,0.7260,-1,-1,-1
19,3,210.38,253.17,89.48,40.51,0.7846,-1,-1,-1
20,2,439.93,308.79,94.39,48.32,0.8063,-1,-1,-1
20,3,210.61,253.27,89.40,40.26,0.8097,-1,-1,-1
20,10,490.03,210.98,105.24,60.05,0.3907,-1,-1,-1
21,2,425.87,312.25,94.17,47.88,0.8351,-1,-1,-1
21,3,210.46,253.24,90.28,40.40,0.7508,-1,-1,-1
22,2,408.25,315.09,97.00,49.01,0.8363,-1,-1,-1
22,3,210.51,253.47,90.37,40.27,0.7865,-1,-1,-1
23,2,390.05,317.84,99.64,50.07,0.8287,-1,-1,-1
23,3,210.28,253.47,90.93,40.36,0.7704,-1,-1,-1
24,2,369.86,319.25,105.43,53.07,0.8567,-1,-1,-1
24,3,210.50,253.62,90.88,40.16,0.7921,-1,-1,-1
25,2,350.01,321.76,108.55,54.70,0.8531,-1,-1,-1
25,3,210.63,253.73,91.02,40.10,0.8028,-1,-1,-1
26,2,330.36,325.28,110.07,55.42,0.8402,-1,-1,-1
26,3,210.43,253.84,91.10,39.95,0.7807,-1,-1,-1
27,2,311.14,329.28,110.47,55.38,0.8333,-1,-1,-1
27,3,209.70,253.65,91.92,40.23,0.7869,-1,-1,-1
27,10,493.90,213.51,98.12,55.73,0.2519,-1,-1,-1
28,2,291.41,333.67,111.78,55.84,0.8591,-1,-1,-1
28,3,209.36,253.48,92.52,40.39,0.7788,-1,-1,-1
29,2,269.22,337.04,114.60,56.97,0.8621,-1,-1,-1
29,3,209.01,253.37,92.89,40.45,0.7852,-1,-1,-1
30,2,248.49,340.69,116.88,57.77,0.8451,-1,-1,-1
30,3,209.10,253.23,92.98,40.42,0.8135,-1,-1,-1
30,10,492.73,211.61,99.35,56.12,0.2500,-1,-1,-1
31,2,225.98,343.62,121.10,59.68,0.8454,-1,-1,-1
31,3,208.32,253.00,93.55,40.60,0.7887,-1,-1,-1
32,2,202.30,345.83,125.60,61.78,0.8612,-1,-1,-1
32,3,208.96,253.13,93.14,40.34,0.7727,-1,-1,-1
33,2,178.92,349.43,129.91,63.82,0.8372,-1,-1,-1
33,3,208.65,252.94,93.75,40.62,0.7858,-1,-1,-1
34,2,153.95,352.58,134.07,65.73,0.8516,-1,-1,-1
34,3,208.34,252.77,94.15,40.81,0.7783,-1,-1,-1
35,2,131.21,356.71,137.89,67.17,0.8608,-1,-1,-1
35,3,208.64,252.85,94.06,40.77,0.8083,-1,-1,-1
36,2,106.00,362.45,139.30,67.42,0.8629,-1,-1,-1
36,3,209.63,253.27,92.95,40.21,0.7490,-1,-1,-1
37,2,80.60,367.79,140.90,67.67,0.8492,-1,-1,-1
37,3,209.51,253.22,93.63,40.51,0.7438,-1,-1,-1
38,2,52.67,371.44,145.93,69.71,0.8677,-1,-1,-1
38,3,208.96,252.93,94.35,40.86,0.7750,-1,-1,-1
39,2,23.61,375.17,152.87,72.67,0.8639,-1,-1,-1
39,3,208.68,252.80,94.66,41.05,0.7897,-1,-1,-1
40,2,0.00,378.79,156.61,75.77,0.8487,-1,-1,-1
40,3,209.04,252.94,94.27,40.88,0.7384,-1,-1,-1
41,2,0.00,383.08,140.68,77.37,0.8697,-1,-1,-1
41,3,208.52,252.61,94.79,41.17,0.8080,-1,-1,-1
42,2,0.00,386.63,127.71,80.63,0.8226,-1,-1,-1
42,3,208.56,252.48,94.37,41.03,0.8165,-1,-1,-1
43,2,0.00,393.30,103.25,71.53,0.6433,-1,-1,-1
43,3,208.63,252.43,94.23,40.93,0.7725,-1,-1,-1
44,3,209.44,252.55,94.06,40.83,0.7684,-1,-1,-1
45,3,210.12,253.03,93.54,40.55,0.7320,-1,-1,-1
46,3,208.85,252.52,94.78,41.19,0.7156,-1,-1,-1
47,3,208.71,251.99,95.19,41.48,0.8037,-1,-1,-1
48,3,208.78,252.07,94.73,41.34,0.8077,-1,-1,-1
48,10,492.38,211.01,104.03,58.69,0.3305,-1,-1,-1
49,3,208.86,252.00,95.01,41.51,0.7946,-1,-1,-1
50,3,208.40,251.83,94.85,41.46,0.8168,-1,-1,-1
51,3,208.21,251.96,94.49,41.27,0.7559,-1,-1,-1
51,10,495.07,211.46,102.50,58.76,0.3021,-1,-1,-1
52,3,208.04,252.07,94.46,41.24,0.7688,-1,-1,-1
52,10,495.08,212.85,100.47,57.16,0.2514,-1,-1,-1
53,3,208.13,251.89,94.82,41.49,0.7607,-1,-1,-1
54,3,208.31,252.07,94.63,41.44,0.7854,-1,-1,-1
54,10,493.10,212.72,101.97,57.62,0.4325,-1,-1,-1
55,3,209.06,252.49,93.92,41.06,0.7799,-1,-1,-1
56,3,209.43,252.90,93.36,40.76,0.7612,-1,-1,-1
56,10,492.37,212.93,102.91,57.84,0.4561,-1,-1,-1
56,15,933.47,226.70,24.15,60.88,0.5146,-1,-1,-1
57,3,210.35,253.59,92.07,40.09,0.7635,-1,-1,-1
57,15,931.02,226.51,24.66,61.71,0.3519,-1,-1,-1
58,3,210.41,253.90,92.12,40.03,0.8179,-1,-1,-1
59,3,210.26,254.03,92.05,39.96,0.8292,-1,-1,-1
59,10,492.44,212.93,103.17,58.17,0.2934,-1,-1,-1
59,16,916.51,225.98,42.57,66.85,0.3762,-1,-1,-1
60,3,209.90,253.88,92.53,40.15,0.8303,-1,-1,-1
60,10,495.00,213.08,101.80,57.93,0.3455,-1,-1,-1
60,16,912.81,225.77,44.64,69.93,0.5581,-1,-1,-1
61,3,210.51,254.52,92.06,39.87,0.8127,-1,-1,-1
61,16,909.76,225.90,44.92,69.84,0.6386,-1,-1,-1
62,3,210.56,255.00,91.66,39.61,0.8286,-1,-1,-1
62,10,494.27,213.40,100.85,57.27,0.3617,-1,-1,-1
62,16,907.41,227.38,45.72,70.30,0.7653,-1,-1,-1
63,3,210.74,255.36,91.72,39.50,0.8389,-1,-1,-1
63,10,495.66,214.06,100.22,57.09,0.2967,-1,-1,-1
63,16,903.56,228.39,46.81,70.53,0.7877,-1,-1,-1
64,3,210.26,255.57,92.12,39.61,0.8278,-1,-1,-1
64,10,493.04,213.31,101.80,57.99,0.4638,-1,-1,-1
64,16,900.03,228.99,49.76,73.41,0.8512,-1,-1,-1
65,3,210.23,255.94,92.02,39.47,0.8353,-1,-1,-1
65,10,494.17,213.69,101.10,57.65,0.3417,-1,-1,-1
65,16,895.35,229.23,52.20,74.67,0.7779,-1,-1,-1
66,3,210.21,256.17,92.12,39.41,0.8457,-1,-1,-1
66,10,493.74,214.44,100.29,56.96,0.3030,-1,-1,-1
66,16,891.12,230.02,54.32,74.77,0.8720,-1,-1,-1
67,3,210.40,256.02,92.48,39.41,0.8363,-1,-1,-1
67,10,494.47,214.05,100.35,57.27,0.2508,-1,-1,-1
67,16,886.57,231.01,57.43,75.81,0.8524,-1,-1,-1
68,3,210.43,256.02,92.84,39.43,0.8317,-1,-1,-1
68,10,492.96,213.13,102.17,58.52,0.3603,-1,-1,-1
68,16,880.76,231.63,61.19,76.96,0.8326,-1,-1,-1
69,3,210.14,256.42,92.66,39.22,0.8277,-1,-1,-1
69,10,493.54,214.30,100.15,57.14,0.4052,-1,-1,-1
69,16,874.60,231.66,65.49,78.19,0.8393,-1,-1,-1
70,3,209.44,256.50,93.36,39.49,0.8303,-1,-1,-1
70,10,494.84,215.04,98.84,56.35,0.3297,-1,-1,-1
70,16,870.54,231.88,69.89,79.68,0.8847,-1,-1,-1
71,3,209.13,256.43,93.91,39.75,0.8354,-1,-1,-1
71,10,496.10,215.52,97.48,55.38,0.3618,-1,-1,-1
71,16,864.98,232.90,73.96,79.96,0.8683,-1,-1,-1
72,3,208.93,256.57,94.58,40.06,0.8340,-1,-1,-1
72,10,495.69,216.76,96.48,54.47,0.5133,-1,-1,-1
72,16,858.51,234.30,78.97,80.90,0.8759,-1,-1,-1
73,3,208.28,256.63,95.04,40.30,0.8414,-1,-1,-1
73,10,498.52,218.63,94.58,53.33,0.3520,-1,-1,-1
73,16,851.92,234.41,84.32,81.90,0.8528,-1,-1,-1
74,3,208.55,256.95,94.69,40.13,0.8410,-1,-1,-1
74,10,496.73,219.08,95.52,53.49,0.3147,-1,-1,-1
74,16,847.05,234.90,90.03,83.38,0.8608,-1,-1,-1
75,3,208.81,257.09,94.89,40.19,0.8350,-1,-1,-1
75,10,497.05,219.72,94.85,52.63,0.3759,-1,-1,-1
75,16,841.25,235.88,95.17,83.95,0.8473,-1,-1,-1
76,3,208.66,256.98,94.54,40.02,0.8396,-1,-1,-1
76,16,833.69,236.21,102.28,86.02,0.8552,-1,-1,-1
77,3,208.53,257.11,94.97,40.26,0.8306,-1,-1,-1
77,16,826.17,235.13,110.21,88.83,0.8780,-1,-1,-1
78,3,208.70,257.06,94.69,40.13,0.8321,-1,-1,-1
78,16,818.75,235.30,117.41,90.82,0.8952,-1,-1,-1
79,3,208.68,257.18,94.31,39.98,0.8257,-1,-1,-1
79,10,494.67,217.93,98.10,54.36,0.3652,-1,-1,-1
79,16,811.07,235.87,124.66,92.70,0.8991,-1,-1,-1
80,3,208.43,256.99,93.60,39.65,0.8105,-1,-1,-1
80,16,802.72,237.01,131.43,93.86,0.8765,-1,-1,-1
81,3,208.33,256.75,93.88,39.73,0.8281,-1,-1,-1
81,16,791.91,237.48,137.08,94.59,0.8942,-1,-1,-1
82,3,208.83,256.70,93.62,39.61,0.8280,-1,-1,-1
82,16,781.90,237.77,143.18,96.07,0.8959,-1,-1,-1
83,3,208.71,256.72,93.76,39.65,0.8014,-1,-1,-1
83,16,771.97,238.49,149.23,97.44,0.9009,-1,-1,-1
84,3,208.83,256.65,93.91,39.64,0.7985,-1,-1,-1
84,16,761.11,239.60,155.74,99.38,0.9100,-1,-1,-1
85,3,208.34,256.36,94.24,39.76,0.8012,-1,-1,-1
85,16,751.34,240.37,160.92,100.49,0.9150,-1,-1,-1
85,24,711.79,262.41,37.63,30.55,0.5296,-1,-1,-1
86,3,208.43,256.27,94.17,39.68,0.7985,-1,-1,-1
86,16,740.83,240.86,165.68,101.42,0.9101,-1,-1,-1
87,3,209.03,256.36,93.61,39.38,0.8299,-1,-1,-1
87,10,490.30,213.79,103.73,57.71,0.3118,-1,-1,-1
87,16,730.58,242.17,169.36,101.76,0.9008,-1,-1,-1
88,3,209.19,256.31,93.64,39.31,0.8360,-1,-1,-1
88,10,491.89,215.08,102.11,56.80,0.2693,-1,-1,-1
88,16,720.04,243.81,172.50,101.75,0.8971,-1,-1,-1
89,3,209.26,256.36,93.62,39.18,0.8362,-1,-1,-1
89,16,707.82,243.63,181.41,105.51,0.9059,-1,-1,-1
90,3,209.08,256.17,94.18,39.32,0.8207,-1,-1,-1
90,16,697.00,245.66,185.23,106.04,0.8863,-1,-1,-1
91,3,209.50,256.46,93.54,38.90,0.8113,-1,-1,-1
91,10,492.59,213.57,103.78,58.40,0.2766,-1,-1,-1
91,16,685.30,245.79,191.60,108.37,0.8865,-1,-1,-1
92,3,209.07,256.01,94.60,39.29,0.8362,-1,-1,-1
92,16,672.02,245.90,198.55,111.23,0.8949,-1,-1,-1
93,3,208.43,255.71,95.32,39.58,0.8090,-1,-1,-1
93,16,661.01,247.00,203.24,112.88,0.9075,-1,-1,-1
94,3,207.92,255.54,95.74,39.82,0.8191,-1,-1,-1
94,16,648.37,247.23,210.47,116.18,0.9031,-1,-1,-1
94,33,608.23,265.95,62.16,36.57,0.5255,-1,-1,-1
95,3,207.75,255.47,95.69,39.82,0.8280,-1,-1,-1
95,16,637.68,247.55,214.96,118.08,0.9027,-1,-1,-1
95,33,600.79,266.43,61.12,35.78,0.7311,-1,-1,-1
96,3,207.76,255.55,95.02,39.54,0.8177,-1,-1,-1
96,10,490.66,213.24,103.40,57.99,0.2551,-1,-1,-1
96,16,624.24,247.60,221.13,121.25,0.9145,-1,-1,-1
96,33,590.12,267.33,59.65,34.57,0.6956,-1,-1,-1
97,3,207.82,255.47,94.81,39.50,0.8226,-1,-1,-1
97,16,611.30,247.98,225.76,123.60,0.9069,-1,-1,-1
97,33,578.38,268.78,58.46,33.34,0.7161,-1,-1,-1
98,3,208.70,255.39,96.15,39.93,0.8193,-1,-1,-1
98,10,491.67,212.90,103.17,58.33,0.3423,-1,-1,-1
98,16,598.39,248.58,229.90,125.49,0.9030,-1,-1,-1
98,33,566.63,269.32,59.96,33.62,0.7364,-1,-1,-1
99,3,208.84,255.50,96.73,40.19,0.7994,-1,-1,-1
99,10,491.04,213.09,102.07,57.49,0.3143,-1,-1,-1
99,16,584.52,248.68,238.44,130.39,0.9150,-1,-1,-1
99,33,553.80,269.03,62.87,34.68,0.6956,-1,-1,-1
100,3,208.46,255.11,97.29,40.42,0.8123,-1,-1,-1
100,16,571.82,249.50,241.88,132.18,0.9039,-1,-1,-1
100,33,539.66,269.40,64.52,34.85,0.4885,-1,-1,-1
101,3,207.55,254.79,96.93,40.27,0.7936,-1,-1,-1
101,16,557.67,249.89,246.55,134.62,0.8931,-1,-1,-1
101,33,524.97,269.55,68.66,36.28,0.6825,-1,-1,-1
102,3,207.12,254.85,96.74,40.32,0.8239,-1,-1,-1
102,16,545.78,252.99,248.47,135.37,0.8977,-1,-1,-1
102,33,512.36,270.15,69.77,35.76,0.7434,-1,-1,-1
103,3,207.33,255.07,95.52,39.97,0.8181,-1,-1,-1
103,16,533.13,258.05,247.36,133.76,0.9025,-1,-1,-1
103,33,498.18,270.17,72.98,36.54,0.6857,-1,-1,-1
104,3,207.01,255.06,96.16,40.45,0.7782,-1,-1,-1
104,10,491.41,212.92,104.88,59.37,0.2611,-1,-1,-1
104,16,521.12,259.66,252.99,136.46,0.8948,-1,-1,-1
104,33,483.00,271.41,74.97,36.70,0.6672,-1,-1,-1
105,3,206.62,254.98,95.82,40.51,0.8261,-1,-1,-1
105,10,491.45,213.57,104.26,59.01,0.4286,-1,-1,-1
105,16,509.90,262.24,253.37,135.82,0.9125,-1,-1,-1
105,33,463.45,272.78,75.03,36.58,0.7055,-1,-1,-1
106,3,206.47,254.75,95.61,40.55,0.8196,-1,-1,-1
106,10,490.62,213.79,105.22,59.46,0.3638,-1,-1,-1
106,16,492.33,259.60,264.41,141.60,0.9037,-1,-1,-1
106,33,449.93,273.43,76.79,36.78,0.7797,-1,-1,-1
106,42,0.06,280.51,21.15,20.35,0.3820,-1,-1,-1
107,3,206.93,254.77,95.73,40.67,0.7708,-1,-1,-1
107,10,490.84,213.31,104.71,59.09,0.3114,-1,-1,-1
107,16,477.09,259.06,272.87,145.98,0.8845,-1,-1,-1
107,33,439.80,273.85,79.38,37.03,0.8038,-1,-1,-1
107,42,0.33,280.44,20.92,20.12,0.3225,-1,-1,-1
108,3,207.36,254.82,95.33,40.55,0.7723,-1,-1,-1
108,10,490.98,213.56,104.69,59.04,0.4464,-1,-1,-1
108,16,457.83,257.96,285.65,153.20,0.9044,-1,-1,-1
108,33,424.44,273.85,83.67,38.37,0.8185,-1,-1,-1
108,42,0.09,280.35,21.33,20.51,0.3286,-1,-1,-1
109,3,208.38,255.00,94.70,40.31,0.8090,-1,-1,-1
109,10,491.55,213.65,104.01,58.67,0.4936,-1,-1,-1
109,16,443.48,258.97,289.74,155.33,0.9043,-1,-1,-1
109,33,411.33,274.76,85.41,38.12,0.7933,-1,-1,-1
109,42,0.00,280.21,21.35,20.56,0.3430,-1,-1,-1
110,3,208.23,254.66,94.62,40.27,0.8020,-1,-1,-1
110,16,425.22,260.04,296.10,158.55,0.9066,-1,-1,-1
110,33,397.27,275.89,87.25,38.00,0.7885,-1,-1,-1
110,42,0.00,279.93,20.92,20.32,0.3833,-1,-1,-1
110,48,634.74,256.75,78.61,18.63,0.4751,-1,-1,-1
111,3,207.92,254.78,94.57,40.21,0.8146,-1,-1,-1
111,10,492.66,212.83,102.90,58.30,0.2718,-1,-1,-1
111,16,410.47,268.62,293.53,155.64,0.8928,-1,-1,-1
111,33,385.01,277.90,87.31,37.32,0.7858,-1,-1,-1
111,42,0.22,280.72,20.62,19.85,0.3871,-1,-1,-1
111,48,622.29,257.28,80.65,19.14,0.4291,-1,-1,-1
112,3,208.80,255.10,93.96,39.91,0.8232,-1,-1,-1
112,16,393.57,272.76,297.23,156.02,0.9063,-1,-1,-1
112,33,369.00,278.63,89.67,37.52,0.8051,-1,-1,-1
112,42,0.42,281.05,20.50,19.69,0.3493,-1,-1,-1
112,48,606.08,257.41,87.96,20.95,0.4480,-1,-1,-1
112,53,919.15,214.87,39.13,55.35,0.4819,-1,-1,-1
113,3,208.53,254.72,94.95,40.34,0.8315,-1,-1,-1
113,10,494.03,211.91,103.57,59.40,0.3215,-1,-1,-1
113,16,374.71,274.84,302.97,157.33,0.9139,-1,-1,-1
113,33,353.33,279.16,90.93,37.26,0.7512,-1,-1,-1
113,42,0.29,280.43,21.00,20.17,0.3194,-1,-1,-1
113,48,585.45,257.80,97.73,23.30,0.4447,-1,-1,-1
113,53,917.42,215.71,38.94,54.85,0.4956,-1,-1,-1
114,3,208.46,254.98,94.98,40.43,0.8274,-1,-1,-1
114,16,356.43,277.37,309.48,158.92,0.9060,-1,-1,-1
114,33,337.33,280.00,95.05,38.36,0.7995,-1,-1,-1
114,42,0.37,281.36,20.35,19.49,0.4179,-1,-1,-1
114,48,572.06,258.26,100.45,24.06,0.4426,-1,-1,-1
114,53,914.68,215.78,39.72,55.47,0.4819,-1,-1,-1
115,3,208.91,255.03,93.95,39.94,0.8268,-1,-1,-1
115,10,493.41,212.28,102.22,58.84,0.4148,-1,-1,-1
115,16,336.41,278.93,321.08,163.46,0.9090,-1,-1,-1
115,33,322.27,281.71,95.68,37.94,0.7759,-1,-1,-1
115,42,0.38,281.19,20.58,19.66,0.4411,-1,-1,-1
115,48,558.01,258.80,103.76,25.01,0.4942,-1,-1,-1
115,53,911.79,215.43,41.13,56.70,0.4954,-1,-1,-1
116,3,209.49,255.02,93.26,39.61,0.8039,-1,-1,-1
116,10,495.84,213.86,98.53,56.62,0.3155,-1,-1,-1
116,16,318.53,280.89,327.58,165.19,0.8999,-1,-1,-1
116,33,304.86,281.47,100.41,39.38,0.7917,-1,-1,-1
116,42,0.51,281.43,20.32,19.36,0.2745,-1,-1,-1
116,48,542.87,259.60,107.34,26.10,0.5520,-1,-1,-1
116,53,908.84,215.56,42.44,57.38,0.6798,-1,-1,-1
117,3,209.58,255.05,92.72,39.34,0.7675,-1,-1,-1
117,16,296.08,280.92,340.91,171.03,0.9138,-1,-1,-1
117,33,286.11,280.55,107.18,41.84,0.7688,-1,-1,-1
117,42,0.00,280.90,21.03,20.09,0.4102,-1,-1,-1
117,48,531.10,260.62,110.34,27.38,0.5368,-1,-1,-1
117,53,905.77,215.64,43.88,57.78,0.6507,-1,-1,-1
118,3,210.58,255.21,91.48,38.60,0.7761,-1,-1,-1
118,16,276.41,281.65,353.05,176.45,0.9101,-1,-1,-1
118,33,272.69,281.19,104.61,40.29,0.7786,-1,-1,-1
118,42,0.00,280.34,21.18,20.65,0.3847,-1,-1,-1
118,48,527.82,261.81,105.35,26.84,0.4436,-1,-1,-1
118,53,901.25,215.99,46.01,58.46,0.6514,-1,-1,-1
119,3,210.65,255.56,90.60,38.07,0.8109,-1,-1,-1
119,16,255.61,284.25,359.78,178.75,0.8858,-1,-1,-1
119,33,255.92,283.21,108.09,41.29,0.7412,-1,-1,-1
119,42,0.03,281.19,20.76,19.94,0.3087,-1,-1,-1
119,53,897.53,217.02,47.65,57.89,0.7120,-1,-1,-1
120,3,210.52,256.00,90.48,37.82,0.8248,-1,-1,-1
120,16,236.10,288.11,366.56,180.67,0.9002,-1,-1,-1
120,33,239.12,283.80,110.65,42.04,0.7365,-1,-1,-1
120,42,0.04,281.27,20.91,20.10,0.3288,-1,-1,-1
120,48,477.37,263.96,122.96,31.71,0.7051,-1,-1,-1
120,53,892.93,217.49,50.00,58.14,0.6903,-1,-1,-1
121,3,211.19,256.19,88.74,36.82,0.7329,-1,-1,-1
121,16,216.36,290.89,376.24,184.74,0.9137,-1,-1,-1
121,33,222.14,284.79,112.69,42.56,0.7476,-1,-1,-1
121,42,0.00,281.48,21.19,20.56,0.2661,-1,-1,-1
121,48,458.51,265.13,125.96,32.94,0.6882,-1,-1,-1
121,53,887.09,218.10,51.79,57.82,0.6149,-1,-1,-1
122,3,211.13,256.43,88.38,36.33,0.6666,-1,-1,-1
122,16,192.09,294.73,385.16,187.90,0.9084,-1,-1,-1
122,33,204.22,285.00,116.59,44.06,0.7304,-1,-1,-1
122,48,434.43,265.85,130.23,35.13,0.6608,-1,-1,-1
122,53,880.62,218.40,54.08,58.09,0.7393,-1,-1,-1
123,3,211.06,256.40,88.94,36.34,0.7241,-1,-1,-1
123,16,164.38,295.16,400.44,194.59,0.9173,-1,-1,-1
123,33,188.28,286.83,115.55,43.46,0.7625,-1,-1,-1
123,48,418.12,265.85,136.66,37.86,0.7958,-1,-1,-1
123,53,873.35,218.90,56.34,58.16,0.7452,-1,-1,-1
124,3,209.00,256.21,92.62,37.82,0.7573,-1,-1,-1
124,16,139.54,298.98,407.91,196.63,0.9212,-1,-1,-1
124,33,171.23,288.27,115.96,43.42,0.7936,-1,-1,-1
124,48,405.18,266.18,140.59,39.76,0.8542,-1,-1,-1
124,53,866.91,219.30,58.89,58.91,0.7206,-1,-1,-1
125,3,208.98,256.25,94.26,38.52,0.7249,-1,-1,-1
125,16,116.37,300.48,423.10,203.48,0.9182,-1,-1,-1
125,33,154.67,290.11,116.62,43.44,0.7950,-1,-1,-1
125,48,391.29,267.02,142.35,41.13,0.8882,-1,-1,-1
125,53,860.91,219.41,60.99,59.31,0.7534,-1,-1,-1
126,3,208.62,255.95,95.11,38.88,0.7754,-1,-1,-1
126,16,87.11,304.33,433.11,206.72,0.9206,-1,-1,-1
126,33,135.74,290.85,120.26,44.73,0.8036,-1,-1,-1
126,48,376.39,267.43,144.63,42.74,0.8565,-1,-1,-1
126,53,853.53,219.89,63.10,59.53,0.6942,-1,-1,-1
127,3,208.53,256.10,95.21,38.99,0.7800,-1,-1,-1
127,16,56.01,306.35,452.28,214.82,0.9138,-1,-1,-1
127,33,119.21,293.55,119.73,44.27,0.8079,-1,-1,-1
127,48,360.70,268.25,150.07,45.49,0.8415,-1,-1,-1
127,53,847.48,220.11,65.21,59.92,0.7394,-1,-1,-1
128,3,208.62,256.26,95.61,39.20,0.7934,-1,-1,-1
128,16,34.08,309.65,463.21,219.46,0.9206,-1,-1,-1
128,33,102.52,295.90,119.82,43.95,0.8149,-1,-1,-1
128,48,346.71,269.36,149.29,46.25,0.8450,-1,-1,-1
128,53,840.31,220.12,67.84,60.79,0.7024,-1,-1,-1
129,3,208.60,256.29,95.61,39.25,0.7977,-1,-1,-1
129,16,7.29,311.14,477.54,225.82,0.9178,-1,-1,-1
129,33,84.48,297.06,121.27,44.24,0.8305,-1,-1,-1
129,48,331.84,270.69,149.16,47.17,0.8593,-1,-1,-1
129,53,833.51,220.39,69.98,61.13,0.7122,-1,-1,-1
130,3,208.37,256.42,95.64,39.34,0.7518,-1,-1,-1
130,16,0.00,313.95,473.39,226.05,0.9158,-1,-1,-1
130,33,63.75,297.53,125.58,45.72,0.8447,-1,-1,-1
130,48,316.50,271.30,151.32,48.85,0.8722,-1,-1,-1
130,53,826.43,220.95,71.74,61.31,0.7345,-1,-1,-1
131,3,208.29,256.48,96.04,39.59,0.7304,-1,-1,-1
131,16,0.00,315.36,463.87,224.64,0.9206,-1,-1,-1
131,33,46.05,299.44,125.50,45.37,0.8465,-1,-1,-1
131,48,301.18,271.83,151.92,50.03,0.8473,-1,-1,-1
131,53,820.42,221.57,73.44,61.67,0.7208,-1,-1,-1
132,3,208.07,256.29,95.98,39.70,0.7503,-1,-1,-1
132,16,0.00,319.73,448.83,220.27,0.9178,-1,-1,-1
132,33,26.50,301.78,127.24,45.84,0.8386,-1,-1,-1
132,48,285.21,272.31,152.88,51.30,0.8514,-1,-1,-1
132,53,813.22,221.71,75.55,62.33,0.7374,-1,-1,-1
133,3,207.70,256.23,96.32,39.98,0.7493,-1,-1,-1
133,16,0.00,323.87,435.90,216.13,0.9188,-1,-1,-1
133,33,5.67,302.89,131.24,47.26,0.8448,-1,-1,-1
133,48,271.50,272.95,150.99,51.51,0.8556,-1,-1,-1
133,53,806.43,222.04,77.34,62.81,0.7551,-1,-1,-1
134,3,208.23,256.41,95.55,39.82,0.6296,-1,-1,-1
134,16,0.00,326.80,423.35,213.20,0.9168,-1,-1,-1
134,33,0.00,304.32,123.22,47.74,0.8167,-1,-1,-1
134,48,256.54,274.24,150.37,52.25,0.8321,-1,-1,-1
134,53,799.17,222.68,78.66,62.97,0.7595,-1,-1,-1
135,3,209.39,256.52,93.63,39.10,0.7267,-1,-1,-1
135,16,0.00,329.99,409.73,210.01,0.9289,-1,-1,-1
135,33,0.00,305.92,112.00,48.17,0.8295,-1,-1,-1
135,48,246.43,275.07,139.88,48.98,0.8131,-1,-1,-1
135,53,791.38,223.11,80.14,63.07,0.7481,-1,-1,-1
136,3,216.44,256.73,89.48,37.95,0.6801,-1,-1,-1
136,16,0.00,333.59,394.69,206.41,0.9224,-1,-1,-1
136,33,0.00,308.11,99.41,47.25,0.7838,-1,-1,-1
136,48,230.07,276.35,140.63,49.80,0.8096,-1,-1,-1
136,53,784.09,223.34,81.70,63.44,0.7218,-1,-1,-1
136,55,686.23,516.59,131.52,23.41,0.6488,-1,-1,-1
137,3,212.54,256.89,89.26,37.81,0.7694,-1,-1,-1
137,16,0.00,337.08,379.44,202.92,0.9202,-1,-1,-1
137,33,0.00,307.61,87.48,46.88,0.7721,-1,-1,-1
137,48,215.77,277.73,138.58,49.43,0.8254,-1,-1,-1
137,53,776.09,223.72,83.84,64.12,0.7357,-1,-1,-1
137,55,682.20,510.90,162.65,29.10,0.6505,-1,-1,-1
138,3,226.30,256.69,69.08,28.36,0.4156,-1,-1,-1
138,16,0.00,340.18,363.28,199.82,0.9183,-1,-1,-1
138,33,0.00,311.63,70.55,42.38,0.7732,-1,-1,-1
138,48,198.82,278.37,141.70,51.05,0.8102,-1,-1,-1
138,53,768.57,224.12,85.54,64.61,0.7549,-1,-1,-1
138,55,680.78,505.98,188.36,34.02,0.6934,-1,-1,-1
139,3,232.54,256.40,58.83,23.15,0.4848,-1,-1,-1
139,16,0.00,343.58,346.54,196.42,0.9211,-1,-1,-1
139,48,181.07,278.74,145.29,52.88,0.8228,-1,-1,-1
139,53,761.52,224.14,87.15,65.16,0.6712,-1,-1,-1
139,55,672.89,499.18,222.51,40.82,0.7378,-1,-1,-1
140,3,227.39,256.62,66.99,25.85,0.5958,-1,-1,-1
140,16,0.00,346.43,329.68,193.57,0.9347,-1,-1,-1
140,48,164.68,280.39,145.00,53.28,0.8580,-1,-1,-1
140,53,754.24,224.97,88.21,65.30,0.7531,-1,-1,-1
140,55,666.64,493.04,250.56,46.96,0.7742,-1,-1,-1
141,3,216.34,256.50,89.14,34.96,0.7685,-1,-1,-1
141,16,0.00,350.13,311.56,189.87,0.9274,-1,-1,-1
141,48,148.78,282.00,144.80,53.60,0.8721,-1,-1,-1
141,53,746.18,225.73,89.45,65.48,0.7089,-1,-1,-1
141,55,663.78,487.27,273.77,52.73,0.7948,-1,-1,-1
142,3,209.83,256.54,97.77,38.75,0.8054,-1,-1,-1
142,16,0.00,354.74,292.28,185.26,0.9139,-1,-1,-1
142,48,131.85,283.50,145.35,54.15,0.8774,-1,-1,-1
142,53,739.14,226.72,89.84,65.01,0.7223,-1,-1,-1
142,55,665.05,482.16,290.56,57.84,0.8291,-1,-1,-1
143,3,207.13,256.44,100.83,40.32,0.8073,-1,-1,-1
143,16,0.00,358.70,273.92,181.30,0.9192,-1,-1,-1
143,48,113.92,284.45,146.80,55.07,0.8760,-1,-1,-1
143,53,730.72,227.26,91.42,65.40,0.7487,-1,-1,-1
143,55,666.02,476.48,293.98,63.52,0.8288,-1,-1,-1
144,3,205.02,256.53,101.45,40.70,0.8068,-1,-1,-1
144,16,0.00,362.98,253.96,177.02,0.9243,-1,-1,-1
144,48,97.36,285.79,146.70,55.27,0.8695,-1,-1,-1
144,53,722.29,227.63,92.54,65.45,0.7838,-1,-1,-1
144,55,669.78,471.40,290.22,68.60,0.8589,-1,-1,-1
145,3,203.82,256.38,101.79,40.94,0.8339,-1,-1,-1
145,16,0.00,366.54,234.10,173.46,0.9016,-1,-1,-1
145,48,78.86,286.58,148.41,56.19,0.8672,-1,-1,-1
145,53,714.13,227.87,94.06,65.72,0.7656,-1,-1,-1
145,55,675.54,466.46,284.46,73.54,0.8583,-1,-1,-1
146,3,204.34,256.49,101.26,40.82,0.8131,-1,-1,-1
146,16,0.00,371.96,212.46,168.04,0.8880,-1,-1,-1
146,48,60.78,286.71,150.95,57.45,0.8653,-1,-1,-1
146,53,705.60,228.06,95.72,66.21,0.7926,-1,-1,-1
146,55,680.83,460.99,279.17,79.01,0.8676,-1,-1,-1
147,3,204.95,256.54,100.58,40.71,0.8202,-1,-1,-1
147,16,0.00,376.13,190.32,163.87,0.8731,-1,-1,-1
147,48,42.01,287.62,152.48,58.40,0.8723,-1,-1,-1
147,53,697.22,228.30,97.32,66.63,0.8027,-1,-1,-1
147,55,688.83,456.61,271.17,83.39,0.8719,-1,-1,-1
148,3,205.77,256.68,99.95,40.62,0.8261,-1,-1,-1
148,16,0.00,380.43,167.17,159.57,0.8278,-1,-1,-1
148,48,22.65,288.03,156.30,60.30,0.8424,-1,-1,-1
148,53,688.96,229.12,97.95,66.47,0.8145,-1,-1,-1
148,55,700.70,451.89,259.30,86.49,0.8767,-1,-1,-1
149,3,206.70,256.84,99.66,40.69,0.8127,-1,-1,-1
149,48,3.50,289.12,158.60,61.69,0.8488,-1,-1,-1
149,53,680.77,229.42,99.43,66.83,0.8033,-1,-1,-1
149,55,716.38,447.13,243.62,87.10,0.8769,-1,-1,-1
150,3,207.01,257.02,99.48,40.80,0.8296,-1,-1,-1
150,48,0.00,290.76,147.28,62.23,0.8509,-1,-1,-1
150,53,672.06,229.65,100.50,67.16,0.7846,-1,-1,-1
150,55,732.89,442.68,227.11,87.13,0.8867,-1,-1,-1
151,3,207.04,256.88,98.48,40.51,0.8324,-1,-1,-1
151,48,0.00,293.29,132.74,60.78,0.8505,-1,-1,-1
151,53,662.38,230.01,102.12,67.71,0.7855,-1,-1,-1
151,55,749.26,438.62,210.74,85.80,0.8777,-1,-1,-1
152,3,207.06,256.91,98.35,40.58,0.8336,-1,-1,-1
152,48,0.00,295.19,120.56,60.15,0.8597,-1,-1,-1
152,53,653.03,230.62,103.07,67.77,0.7980,-1,-1,-1
152,55,767.08,434.45,192.92,83.27,0.8718,-1,-1,-1
153,3,207.19,256.97,98.34,40.67,0.8360,-1,-1,-1
153,48,0.00,296.70,106.59,57.65,0.8470,-1,-1,-1
153,53,643.68,230.60,105.00,68.51,0.7849,-1,-1,-1
153,55,782.28,430.45,177.72,81.84,0.8625,-1,-1,-1
154,3,207.07,256.93,98.56,40.90,0.8434,-1,-1,-1
154,48,0.00,297.40,94.01,56.62,0.8282,-1,-1,-1
154,53,633.99,230.94,106.16,68.75,0.7354,-1,-1,-1
154,55,796.49,426.07,163.51,80.28,0.8769,-1,-1,-1
155,3,207.67,257.26,98.02,40.79,0.8359,-1,-1,-1
155,48,0.00,299.77,80.39,55.71,0.7664,-1,-1,-1
155,53,624.25,231.24,107.53,69.20,0.7478,-1,-1,-1
155,55,810.19,422.30,149.81,77.48,0.8720,-1,-1,-1
156,3,208.31,257.56,97.48,40.67,0.8381,-1,-1,-1
156,53,614.44,231.59,108.62,69.28,0.7947,-1,-1,-1
156,55,820.00,418.75,140.00,77.10,0.8713,-1,-1,-1
157,3,208.18,257.63,97.47,40.80,0.8327,-1,-1,-1
157,53,605.69,231.91,110.73,69.88,0.7768,-1,-1,-1
157,55,829.33,415.21,130.67,76.04,0.8560,-1,-1,-1
158,3,208.15,258.05,97.53,40.96,0.8281,-1,-1,-1
158,53,595.41,232.43,111.75,70.15,0.7778,-1,-1,-1
158,55,838.50,411.57,121.50,74.79,0.8586,-1,-1,-1
159,3,207.91,257.81,97.17,40.92,0.8340,-1,-1,-1
159,53,584.67,233.17,113.25,70.68,0.7325,-1,-1,-1
159,55,849.01,408.24,110.99,71.81,0.8697,-1,-1,-1
160,3,207.91,257.82,96.49,40.72,0.8521,-1,-1,-1
160,53,573.15,233.42,114.49,70.91,0.6403,-1,-1,-1
160,55,857.18,404.61,102.82,70.55,0.8369,-1,-1,-1
161,3,207.89,257.72,96.73,40.95,0.8465,-1,-1,-1
161,53,562.21,233.68,116.17,71.40,0.6859,-1,-1,-1
161,55,865.05,401.09,94.95,69.48,0.8288,-1,-1,-1
162,3,208.01,257.92,96.49,40.96,0.8461,-1,-1,-1
162,53,552.39,233.94,116.76,71.30,0.4545,-1,-1,-1
162,55,874.53,398.33,85.47,66.39,0.8289,-1,-1,-1
163,3,208.37,257.97,96.33,41.01,0.8391,-1,-1,-1
163,53,543.73,234.63,117.83,71.94,0.5488,-1,-1,-1
163,55,880.52,395.57,79.48,66.86,0.8271,-1,-1,-1
163,65,540.55,234.46,127.08,72.32,0.3988,-1,-1,-1
164,3,207.91,258.05,96.15,41.00,0.8351,-1,-1,-1
164,53,533.19,234.99,118.27,71.79,0.5018,-1,-1,-1
164,55,887.56,393.36,72.44,65.16,0.8200,-1,-1,-1
165,3,207.90,258.09,96.04,41.06,0.8401,-1,-1,-1
165,53,521.34,235.33,119.62,72.17,0.5010,-1,-1,-1
165,55,894.83,390.73,65.17,63.49,0.7996,-1,-1,-1
166,3,208.10,258.28,95.62,40.89,0.8238,-1,-1,-1
166,53,508.23,235.31,123.41,74.20,0.6525,-1,-1,-1
166,55,902.13,387.94,57.87,61.08,0.7816,-1,-1,-1
167,3,207.76,257.94,95.08,40.65,0.8357,-1,-1,-1
167,53,496.00,234.93,126.21,75.76,0.6678,-1,-1,-1
167,55,908.29,385.83,51.71,59.68,0.7967,-1,-1,-1
167,70,0.74,283.97,18.89,21.19,0.4079,-1,-1,-1
168,3,207.89,258.05,94.57,40.34,0.8238,-1,-1,-1
168,53,484.48,234.93,127.92,76.50,0.5753,-1,-1,-1
168,70,0.06,282.23,20.22,22.69,0.2963,-1,-1,-1
169,3,207.73,258.04,95.33,40.72,0.8316,-1,-1,-1
169,53,471.92,233.50,131.79,79.01,0.5411,-1,-1,-1
169,70,0.99,284.41,18.61,20.80,0.4069,-1,-1,-1
169,71,942.85,386.27,17.15,53.01,0.5759,-1,-1,-1
169,72,471.97,234.64,133.61,76.75,0.4113,-1,-1,-1
170,3,207.75,258.06,95.16,40.66,0.8446,-1,-1,-1
170,53,460.18,232.47,134.31,80.55,0.5638,-1,-1,-1
170,70,1.40,285.33,18.01,20.00,0.4020,-1,-1,-1
171,3,207.85,257.96,94.66,40.43,0.8336,-1,-1,-1
171,53,448.86,234.88,132.86,79.53,0.7606,-1,-1,-1
171,70,1.07,284.90,18.29,20.24,0.3567,-1,-1,-1
172,3,207.87,257.76,94.75,40.46,0.8498,-1,-1,-1
172,53,439.01,237.17,130.83,77.87,0.7836,-1,-1,-1
173,3,207.72,257.55,94.81,40.52,0.8492,-1,-1,-1
173,53,428.53,239.12,128.57,75.96,0.7090,-1,-1,-1
173,70,0.67,284.54,18.56,20.48,0.2700,-1,-1,-1
174,3,207.57,257.57,95.09,40.68,0.8479,-1,-1,-1
174,53,419.40,239.79,130.97,76.68,0.5876,-1,-1,-1
174,70,0.54,284.29,18.92,20.80,0.4677,-1,-1,-1
175,3,207.60,257.57,95.06,40.70,0.8492,-1,-1,-1
175,53,405.89,240.17,131.45,76.65,0.6260,-1,-1,-1
175,70,0.34,283.77,19.36,21.24,0.4242,-1,-1,-1
176,3,207.99,257.39,94.36,40.36,0.8493,-1,-1,-1
176,53,393.89,240.27,132.62,77.07,0.7408,-1,-1,-1
176,70,0.56,283.91,18.98,20.72,0.2698,-1,-1,-1
177,3,207.86,257.51,94.29,40.32,0.8451,-1,-1,-1
177,53,382.16,240.37,134.64,78.29,0.7529,-1,-1,-1
178,3,208.11,257.58,94.45,40.43,0.8490,-1,-1,-1
178,53,370.91,240.79,133.95,77.66,0.7321,-1,-1,-1
178,70,0.57,283.95,19.32,20.99,0.2984,-1,-1,-1
179,3,208.24,257.43,94.23,40.31,0.8373,-1,-1,-1
179,53,357.35,240.85,136.80,79.11,0.7915,-1,-1,-1
180,3,208.12,257.03,94.33,40.35,0.8431,-1,-1,-1
180,53,347.03,240.85,134.56,77.44,0.6861,-1,-1,-1
181,3,208.10,256.80,94.25,40.29,0.8394,-1,-1,-1
181,53,335.69,240.82,134.92,77.34,0.8161,-1,-1,-1
182,3,208.02,256.55,94.46,40.36,0.8303,-1,-1,-1
182,53,324.35,240.49,135.73,77.40,0.7416,-1,-1,-1
183,3,208.35,256.41,94.18,40.24,0.8191,-1,-1,-1
183,53,311.99,240.47,136.89,77.69,0.8107,-1,-1,-1
184,3,209.11,256.64,94.31,40.25,0.8464,-1,-1,-1
184,53,301.09,240.77,137.81,77.79,0.8487,-1,-1,-1
185,3,209.01,257.08,94.18,40.29,0.8196,-1,-1,-1
185,53,289.94,242.11,139.13,78.33,0.8535,-1,-1,-1
186,3,209.07,256.93,90.71,38.88,0.8027,-1,-1,-1
186,53,276.97,244.13,138.38,77.20,0.6844,-1,-1,-1
187,3,209.40,257.03,88.64,38.03,0.6740,-1,-1,-1
187,53,265.79,244.95,140.33,78.07,0.7753,-1,-1,-1
188,3,211.33,257.33,86.25,36.73,0.6873,-1,-1,-1
188,53,253.79,245.24,142.82,79.38,0.5017,-1,-1,-1
189,3,204.26,257.88,83.24,36.29,0.6254,-1,-1,-1
189,53,242.68,245.95,143.20,79.12,0.5520,-1,-1,-1
190,3,199.50,257.64,81.12,36.44,0.3410,-1,-1,-1
190,53,230.41,246.77,143.22,78.70,0.6770,-1,-1,-1
